# Constructed from biom file
#OTU ID	OM36	OM37	OM38	OM39	OM40	OM41	OM42	OM43	OM44	OM45	OM46	OM47	OM48	OM49	YM47	YM48	YM49	YM50	YM51	YM52	YM53
321484	0.0	27.0	12.0	0.0	0.0	46.0	0.0	0.0	0.0	0.0	0.0	10.0	0.0	0.0	0.0	27.0	0.0	0.0	0.0	0.0	0.0
320224	0.0	0.0	0.0	0.0	0.0	0.0	0.0	7.0	0.0	0.0	0.0	0.0	0.0	0.0	0.0	0.0	0.0	0.0	0.0	0.0	0.0
233435	73.0	138.0	0.0	91.0	44.0	212.0	53.0	133.0	205.0	321.0	14.0	28.0	1176.0	666.0	30.0	0.0	152.0	164.0	119.0	88.0	68.0
331043	142.0	112.0	538.0	164.0	22.0	201.0	165.0	188.0	357.0	239.0	450.0	111.0	201.0	316.0	129.0	112.0	273.0	320.0	304.0	177.0	124.0
265793	20.0	0.0	0.0	0.0	0.0	27.0	0.0	0.0	0.0	0.0	32.0	0.0	31.0	0.0	8.0	0.0	0.0	0.0	0.0	0.0	0.0
233991	190.0	73.0	0.0	0.0	0.0	0.0	0.0	0.0	0.0	0.0	5.0	0.0	50.0	0.0	0.0	0.0	0.0	23.0	0.0	0.0	7.0
38278	1221.0	897.0	1188.0	680.0	0.0	1761.0	267.0	480.0	737.0	297.0	0.0	375.0	176.0	484.0	2579.0	766.0	1306.0	1520.0	885.0	991.0	1138.0
188697	0.0	0.0	0.0	176.0	227.0	0.0	0.0	0.0	0.0	0.0	25.0	15.0	188.0	0.0	0.0	0.0	0.0	0.0	0.0	0.0	0.0
198753	0.0	0.0	0.0	0.0	0.0	0.0	0.0	0.0	0.0	0.0	0.0	0.0	24.0	0.0	8.0	0.0	0.0	0.0	0.0	0.0	0.0
637934	8.0	0.0	0.0	8.0	0.0	0.0	0.0	21.0	11.0	0.0	0.0	21.0	0.0	0.0	0.0	0.0	0.0	8.0	0.0	0.0	0.0
180869	0.0	0.0	0.0	3.0	9.0	0.0	10.0	0.0	0.0	0.0	0.0	0.0	0.0	0.0	0.0	0.0	0.0	0.0	8.0	0.0	0.0
214116	0.0	0.0	0.0	21.0	0.0	0.0	0.0	0.0	0.0	0.0	0.0	0.0	0.0	0.0	0.0	0.0	0.0	0.0	0.0	0.0	0.0
195455	0.0	0.0	0.0	0.0	64.0	0.0	0.0	0.0	0.0	0.0	0.0	0.0	0.0	0.0	0.0	0.0	0.0	0.0	0.0	0.0	0.0
338926	10.0	18.0	0.0	0.0	64.0	33.0	0.0	0.0	0.0	15.0	34.0	0.0	12.0	25.0	0.0	0.0	9.0	22.0	17.0	26.0	13.0
334751	0.0	46.0	0.0	0.0	0.0	0.0	0.0	0.0	0.0	0.0	0.0	0.0	0.0	0.0	0.0	0.0	0.0	0.0	0.0	0.0	0.0
743911	682.0	0.0	0.0	0.0	188.0	0.0	0.0	0.0	18.0	38.0	0.0	0.0	0.0	0.0	0.0	0.0	20.0	18.0	0.0	0.0	0.0
694641	0.0	0.0	0.0	0.0	0.0	0.0	0.0	0.0	0.0	0.0	8.0	0.0	0.0	0.0	0.0	0.0	0.0	0.0	0.0	0.0	0.0
272060	0.0	0.0	0.0	0.0	28.0	441.0	0.0	0.0	0.0	0.0	0.0	0.0	0.0	0.0	0.0	0.0	0.0	0.0	0.0	0.0	0.0
191493	20.0	36.0	11.0	29.0	0.0	0.0	0.0	21.0	36.0	23.0	0.0	0.0	80.0	18.0	0.0	0.0	0.0	0.0	0.0	0.0	0.0
325850	30.0	23.0	33.0	22.0	38.0	63.0	62.0	0.0	11.0	6.0	0.0	20.0	0.0	4.0	63.0	140.0	14.0	13.0	60.0	0.0	3.0
4338798	0.0	0.0	0.0	0.0	0.0	0.0	0.0	0.0	0.0	0.0	0.0	0.0	0.0	0.0	0.0	0.0	0.0	4.0	0.0	0.0	0.0
4476330	0.0	20.0	0.0	0.0	0.0	0.0	0.0	0.0	0.0	0.0	0.0	0.0	0.0	0.0	0.0	0.0	0.0	0.0	0.0	0.0	0.0
307170	0.0	12.0	0.0	25.0	0.0	0.0	0.0	15.0	0.0	20.0	0.0	0.0	10.0	13.0	0.0	0.0	0.0	0.0	0.0	0.0	0.0
270303	14.0	15.0	0.0	21.0	10.0	7.0	0.0	0.0	8.0	7.0	11.0	7.0	20.0	9.0	0.0	0.0	0.0	0.0	0.0	0.0	0.0
337784	10.0	12.0	0.0	9.0	5.0	0.0	0.0	6.0	8.0	8.0	5.0	5.0	10.0	0.0	0.0	0.0	0.0	0.0	0.0	6.0	0.0
192557	0.0	0.0	0.0	0.0	0.0	0.0	0.0	22.0	0.0	0.0	11.0	0.0	0.0	0.0	0.0	0.0	0.0	0.0	0.0	0.0	0.0
181237	0.0	0.0	61.0	0.0	0.0	0.0	0.0	31.0	0.0	0.0	0.0	49.0	0.0	0.0	0.0	0.0	0.0	0.0	0.0	0.0	0.0
171322	0.0	0.0	0.0	0.0	0.0	0.0	0.0	0.0	0.0	0.0	0.0	0.0	18.0	0.0	12.0	0.0	0.0	0.0	0.0	0.0	0.0
830189	963.0	523.0	0.0	0.0	0.0	0.0	108.0	0.0	0.0	0.0	0.0	0.0	106.0	2975.0	569.0	0.0	0.0	1167.0	0.0	0.0	238.0
168145	0.0	0.0	0.0	0.0	0.0	0.0	0.0	0.0	0.0	4.0	0.0	0.0	0.0	0.0	0.0	5.0	0.0	0.0	0.0	0.0	0.0
326095	54.0	86.0	82.0	60.0	127.0	116.0	94.0	56.0	55.0	183.0	77.0	45.0	265.0	405.0	25.0	22.0	104.0	121.0	110.0	39.0	36.0
289918	75.0	23.0	0.0	0.0	58.0	43.0	27.0	721.0	548.0	195.0	212.0	45.0	376.0	478.0	4.0	0.0	362.0	646.0	783.0	317.0	603.0
422727	13.0	31.0	0.0	13.0	0.0	0.0	0.0	57.0	61.0	0.0	18.0	0.0	18.0	92.0	5.0	0.0	0.0	33.0	0.0	61.0	18.0
628218	0.0	0.0	0.0	0.0	0.0	0.0	0.0	11.0	55.0	0.0	79.0	0.0	0.0	13.0	85.0	36.0	11.0	25.0	0.0	0.0	20.0
210262	0.0	0.0	0.0	0.0	0.0	12.0	0.0	0.0	0.0	0.0	0.0	0.0	0.0	0.0	0.0	0.0	0.0	0.0	5.0	0.0	0.0
264437	0.0	0.0	0.0	10.0	0.0	0.0	0.0	0.0	0.0	0.0	0.0	0.0	0.0	0.0	0.0	0.0	0.0	8.0	0.0	0.0	0.0
263705	0.0	0.0	0.0	0.0	0.0	9.0	0.0	2.0	0.0	6.0	0.0	0.0	0.0	0.0	0.0	0.0	0.0	5.0	0.0	0.0	0.0
727945	0.0	0.0	0.0	0.0	3.0	0.0	0.0	0.0	0.0	0.0	0.0	0.0	3.0	0.0	0.0	0.0	0.0	0.0	0.0	0.0	0.0
173909	14.0	11.0	0.0	37.0	0.0	87.0	0.0	0.0	0.0	0.0	17.0	0.0	0.0	18.0	15.0	15.0	5.0	8.0	0.0	0.0	0.0
330772	45.0	63.0	39.0	222.0	40.0	225.0	209.0	76.0	134.0	119.0	181.0	174.0	354.0	315.0	110.0	285.0	52.0	72.0	41.0	36.0	63.0
152381	0.0	0.0	0.0	0.0	0.0	0.0	0.0	0.0	0.0	0.0	0.0	0.0	0.0	0.0	8.0	0.0	22.0	0.0	0.0	0.0	0.0
774086	0.0	0.0	13.0	0.0	0.0	0.0	0.0	0.0	0.0	0.0	0.0	0.0	0.0	0.0	0.0	0.0	0.0	0.0	0.0	0.0	0.0
4390755	0.0	0.0	30.0	7.0	46.0	0.0	0.0	0.0	0.0	0.0	0.0	0.0	0.0	0.0	0.0	0.0	0.0	0.0	0.0	0.0	0.0
331013	0.0	18.0	0.0	0.0	0.0	19.0	0.0	35.0	0.0	28.0	35.0	0.0	0.0	0.0	0.0	9.0	0.0	0.0	0.0	0.0	0.0
189147	9.0	9.0	0.0	9.0	0.0	14.0	5.0	0.0	0.0	0.0	0.0	0.0	8.0	58.0	11.0	8.0	0.0	0.0	0.0	0.0	0.0
2797565	0.0	0.0	0.0	0.0	3.0	0.0	0.0	0.0	0.0	0.0	2.0	0.0	0.0	0.0	0.0	0.0	0.0	0.0	0.0	0.0	0.0
261486	0.0	0.0	0.0	0.0	0.0	0.0	0.0	0.0	0.0	0.0	0.0	0.0	0.0	15.0	0.0	0.0	0.0	0.0	0.0	0.0	0.0
334619	0.0	0.0	0.0	46.0	0.0	0.0	0.0	0.0	0.0	0.0	0.0	0.0	0.0	0.0	0.0	0.0	0.0	0.0	0.0	0.0	0.0
267373	11.0	0.0	0.0	0.0	0.0	0.0	0.0	74.0	0.0	0.0	156.0	0.0	0.0	0.0	0.0	0.0	0.0	0.0	0.0	0.0	0.0
324567	0.0	40.0	0.0	0.0	0.0	0.0	5.0	9.0	0.0	20.0	8.0	0.0	15.0	28.0	0.0	0.0	0.0	0.0	0.0	0.0	0.0
173739	0.0	0.0	0.0	0.0	0.0	0.0	0.0	1.0	0.0	0.0	0.0	0.0	0.0	0.0	0.0	0.0	0.0	0.0	0.0	0.0	0.0
355822	0.0	0.0	0.0	0.0	9.0	0.0	0.0	0.0	0.0	0.0	0.0	0.0	0.0	0.0	0.0	0.0	0.0	0.0	0.0	0.0	0.0
4440624	61.0	0.0	0.0	0.0	26.0	0.0	0.0	0.0	0.0	0.0	53.0	0.0	0.0	0.0	0.0	0.0	0.0	0.0	0.0	0.0	0.0
346098	25.0	0.0	12.0	0.0	0.0	0.0	0.0	51.0	15.0	23.0	0.0	18.0	0.0	0.0	0.0	0.0	0.0	0.0	0.0	0.0	0.0
375106	3.0	0.0	13.0	10.0	16.0	30.0	13.0	0.0	10.0	8.0	19.0	6.0	12.0	6.0	5.0	6.0	11.0	16.0	0.0	18.0	0.0
322564	0.0	105.0	0.0	0.0	0.0	0.0	0.0	116.0	0.0	140.0	57.0	24.0	0.0	107.0	0.0	17.0	0.0	0.0	0.0	165.0	0.0
181719	127.0	159.0	748.0	932.0	409.0	481.0	98.0	350.0	418.0	834.0	939.0	444.0	781.0	3719.0	80.0	44.0	229.0	184.0	179.0	80.0	37.0
309801	44.0	37.0	15.0	32.0	17.0	57.0	0.0	76.0	24.0	26.0	101.0	28.0	27.0	33.0	35.0	49.0	0.0	14.0	9.0	25.0	0.0
298723	0.0	0.0	0.0	0.0	0.0	0.0	0.0	0.0	0.0	0.0	0.0	0.0	0.0	6.0	0.0	0.0	0.0	0.0	0.0	0.0	0.0
307608	10.0	17.0	16.0	15.0	0.0	22.0	0.0	0.0	13.0	0.0	20.0	14.0	23.0	0.0	13.0	8.0	9.0	17.0	0.0	14.0	0.0
277420	18.0	0.0	0.0	0.0	0.0	67.0	0.0	0.0	0.0	0.0	14.0	0.0	0.0	21.0	12.0	22.0	0.0	8.0	0.0	0.0	0.0
185891	0.0	0.0	6.0	12.0	0.0	0.0	0.0	0.0	0.0	0.0	0.0	0.0	0.0	0.0	0.0	8.0	5.0	0.0	0.0	0.0	0.0
264734	37.0	42.0	59.0	58.0	6.0	73.0	27.0	0.0	35.0	36.0	0.0	0.0	59.0	11.0	15.0	0.0	0.0	12.0	0.0	15.0	0.0
242917	14.0	0.0	0.0	0.0	4.0	0.0	39.0	89.0	90.0	32.0	27.0	29.0	65.0	92.0	0.0	0.0	48.0	34.0	76.0	47.0	34.0
349052	0.0	6.0	0.0	0.0	7.0	0.0	0.0	0.0	0.0	0.0	6.0	0.0	0.0	0.0	4.0	0.0	0.0	3.0	2.0	0.0	0.0
195189	0.0	0.0	0.0	0.0	0.0	0.0	0.0	0.0	0.0	0.0	0.0	0.0	15.0	0.0	0.0	0.0	0.0	0.0	0.0	0.0	0.0
269726	0.0	0.0	24.0	0.0	49.0	22.0	17.0	24.0	25.0	61.0	23.0	0.0	45.0	32.0	0.0	0.0	22.0	33.0	10.0	18.0	19.0
344906	3.0	14.0	0.0	12.0	0.0	0.0	0.0	12.0	11.0	14.0	0.0	0.0	0.0	7.0	0.0	0.0	0.0	6.0	0.0	0.0	0.0
4432841	25.0	21.0	0.0	39.0	22.0	0.0	55.0	0.0	6.0	12.0	0.0	0.0	51.0	0.0	18.0	0.0	14.0	11.0	70.0	0.0	7.0
196746	3.0	12.0	0.0	7.0	9.0	0.0	0.0	11.0	0.0	0.0	0.0	5.0	0.0	7.0	0.0	0.0	0.0	0.0	0.0	0.0	0.0
262917	81.0	91.0	0.0	296.0	237.0	0.0	0.0	0.0	0.0	0.0	0.0	0.0	14.0	13.0	0.0	0.0	0.0	0.0	0.0	0.0	0.0
229452	29.0	0.0	0.0	0.0	112.0	18.0	11.0	194.0	42.0	99.0	0.0	10.0	7.0	18.0	56.0	23.0	26.0	50.0	0.0	33.0	11.0
191753	0.0	0.0	0.0	0.0	9.0	102.0	0.0	49.0	14.0	26.0	52.0	0.0	0.0	130.0	17.0	0.0	0.0	0.0	8.0	0.0	0.0
185294	74.0	92.0	0.0	0.0	0.0	0.0	0.0	0.0	0.0	0.0	0.0	0.0	0.0	0.0	0.0	0.0	0.0	0.0	0.0	0.0	0.0
683621	0.0	0.0	3.0	0.0	0.0	0.0	0.0	0.0	0.0	0.0	0.0	0.0	2.0	0.0	5.0	0.0	0.0	0.0	0.0	0.0	0.0
177068	89.0	136.0	25.0	51.0	0.0	73.0	0.0	0.0	0.0	21.0	0.0	55.0	71.0	46.0	0.0	12.0	0.0	0.0	0.0	46.0	23.0
3013444	39.0	46.0	172.0	161.0	57.0	40.0	25.0	26.0	43.0	185.0	105.0	27.0	93.0	68.0	5.0	45.0	3.0	35.0	39.0	5.0	7.0
197706	0.0	15.0	0.0	10.0	0.0	0.0	0.0	0.0	0.0	0.0	0.0	0.0	0.0	0.0	6.0	0.0	0.0	6.0	0.0	0.0	0.0
3028318	29.0	58.0	15.0	168.0	413.0	297.0	66.0	76.0	41.0	131.0	14.0	26.0	72.0	19.0	26.0	87.0	49.0	254.0	236.0	53.0	29.0
3150250	14.0	95.0	0.0	0.0	0.0	0.0	0.0	47.0	11.0	16.0	0.0	0.0	16.0	0.0	0.0	0.0	0.0	0.0	0.0	0.0	0.0
346291	0.0	0.0	578.0	0.0	0.0	0.0	0.0	616.0	3082.0	3375.0	0.0	2882.0	348.0	0.0	61.0	128.0	0.0	0.0	0.0	637.0	0.0
261519	20.0	14.0	0.0	0.0	0.0	0.0	0.0	0.0	8.0	0.0	0.0	0.0	0.0	0.0	15.0	16.0	0.0	0.0	6.0	0.0	0.0
215495	132.0	216.0	350.0	631.0	340.0	592.0	1107.0	230.0	262.0	268.0	243.0	459.0	388.0	881.0	296.0	336.0	104.0	218.0	254.0	151.0	124.0
298395	0.0	0.0	12.0	0.0	0.0	0.0	0.0	0.0	0.0	0.0	0.0	0.0	0.0	0.0	0.0	0.0	0.0	0.0	0.0	0.0	0.0
196533	0.0	21.0	0.0	18.0	0.0	0.0	0.0	0.0	0.0	18.0	0.0	0.0	0.0	0.0	0.0	0.0	0.0	0.0	0.0	7.0	0.0
318563	18.0	25.0	0.0	0.0	0.0	0.0	0.0	20.0	14.0	16.0	9.0	0.0	0.0	0.0	0.0	0.0	0.0	0.0	0.0	0.0	0.0
1112121	0.0	0.0	0.0	0.0	0.0	0.0	0.0	0.0	0.0	0.0	0.0	0.0	0.0	0.0	0.0	16.0	0.0	0.0	0.0	0.0	0.0
4420206	0.0	0.0	0.0	0.0	0.0	0.0	0.0	0.0	0.0	0.0	0.0	5.0	0.0	0.0	0.0	11.0	0.0	0.0	0.0	0.0	0.0
661055	69.0	64.0	0.0	0.0	0.0	52.0	0.0	35.0	47.0	42.0	0.0	38.0	0.0	0.0	67.0	62.0	14.0	40.0	0.0	27.0	11.0
264660	0.0	0.0	0.0	0.0	0.0	0.0	0.0	12.0	9.0	0.0	0.0	0.0	0.0	0.0	0.0	0.0	0.0	0.0	0.0	10.0	0.0
194490	273.0	205.0	93.0	256.0	148.0	89.0	122.0	572.0	123.0	392.0	190.0	247.0	324.0	404.0	277.0	334.0	76.0	142.0	85.0	188.0	139.0
250270	24.0	55.0	28.0	0.0	0.0	46.0	17.0	32.0	32.0	63.0	0.0	109.0	16.0	7.0	0.0	0.0	10.0	0.0	5.0	0.0	0.0
272175	0.0	0.0	0.0	17.0	24.0	0.0	0.0	25.0	0.0	18.0	0.0	27.0	20.0	13.0	0.0	0.0	0.0	0.0	0.0	0.0	0.0
801260	0.0	3.0	0.0	0.0	0.0	5.0	10.0	0.0	0.0	0.0	0.0	0.0	0.0	0.0	0.0	0.0	0.0	0.0	0.0	0.0	0.0
187790	48.0	103.0	0.0	136.0	0.0	0.0	8.0	26.0	59.0	25.0	0.0	0.0	7.0	53.0	9.0	0.0	0.0	6.0	0.0	0.0	0.0
7467	0.0	0.0	0.0	0.0	0.0	0.0	0.0	7.0	0.0	0.0	0.0	0.0	0.0	0.0	0.0	0.0	0.0	0.0	0.0	0.0	0.0
260156	0.0	0.0	0.0	0.0	0.0	0.0	0.0	0.0	0.0	0.0	0.0	60.0	0.0	20.0	0.0	0.0	0.0	0.0	0.0	0.0	0.0
91557	0.0	0.0	514.0	21.0	0.0	0.0	0.0	0.0	0.0	0.0	0.0	0.0	0.0	0.0	0.0	0.0	0.0	0.0	0.0	0.0	0.0
265483	0.0	9.0	0.0	10.0	17.0	11.0	12.0	8.0	11.0	0.0	0.0	5.0	8.0	9.0	17.0	0.0	0.0	21.0	12.0	22.0	0.0
349310	11.0	93.0	0.0	80.0	266.0	1375.0	145.0	346.0	115.0	114.0	0.0	357.0	324.0	11.0	230.0	322.0	70.0	7.0	190.0	248.0	0.0
4432234	0.0	0.0	0.0	0.0	0.0	0.0	0.0	0.0	0.0	0.0	0.0	21.0	5.0	0.0	0.0	0.0	0.0	0.0	0.0	0.0	0.0
322062	0.0	0.0	0.0	0.0	0.0	0.0	0.0	0.0	12.0	0.0	0.0	0.0	0.0	0.0	0.0	0.0	0.0	0.0	0.0	0.0	0.0
130076	0.0	0.0	0.0	28.0	125.0	161.0	74.0	0.0	0.0	0.0	0.0	0.0	0.0	0.0	0.0	0.0	0.0	0.0	0.0	0.0	0.0
1517779	0.0	0.0	0.0	0.0	0.0	20.0	10.0	0.0	0.0	9.0	9.0	10.0	0.0	7.0	9.0	0.0	0.0	7.0	0.0	0.0	0.0
276190	90.0	0.0	0.0	0.0	0.0	0.0	0.0	0.0	0.0	0.0	89.0	0.0	0.0	0.0	0.0	0.0	0.0	34.0	0.0	0.0	0.0
342504	0.0	5.0	8.0	0.0	7.0	5.0	0.0	0.0	5.0	0.0	8.0	0.0	14.0	11.0	0.0	0.0	0.0	0.0	9.0	0.0	0.0
188355	26.0	84.0	9.0	16.0	25.0	50.0	0.0	60.0	15.0	22.0	15.0	48.0	0.0	0.0	14.0	18.0	13.0	23.0	15.0	120.0	0.0
265940	0.0	0.0	0.0	35.0	0.0	0.0	15.0	0.0	0.0	0.0	0.0	0.0	0.0	0.0	0.0	0.0	0.0	0.0	0.0	0.0	0.0
191656	0.0	10.0	0.0	27.0	22.0	60.0	0.0	0.0	0.0	10.0	20.0	0.0	0.0	0.0	0.0	0.0	0.0	0.0	0.0	0.0	0.0
833390	14.0	301.0	0.0	329.0	0.0	375.0	0.0	0.0	0.0	0.0	0.0	0.0	0.0	0.0	227.0	32.0	24.0	391.0	285.0	51.0	73.0
191259	89.0	129.0	49.0	106.0	71.0	80.0	0.0	110.0	40.0	166.0	116.0	36.0	85.0	55.0	0.0	0.0	7.0	17.0	11.0	28.0	18.0
269673	0.0	0.0	25.0	46.0	150.0	21.0	0.0	25.0	21.0	129.0	32.0	12.0	66.0	38.0	9.0	0.0	12.0	16.0	44.0	0.0	0.0
4345268	0.0	11.0	0.0	9.0	20.0	0.0	0.0	0.0	0.0	0.0	0.0	0.0	0.0	0.0	0.0	0.0	0.0	0.0	0.0	0.0	0.0
184966	0.0	19.0	0.0	0.0	0.0	25.0	0.0	0.0	0.0	0.0	0.0	0.0	50.0	25.0	18.0	0.0	0.0	0.0	0.0	10.0	0.0
270199	0.0	0.0	0.0	0.0	0.0	9.0	0.0	3.0	0.0	0.0	0.0	0.0	0.0	0.0	6.0	9.0	0.0	5.0	0.0	0.0	2.0
199137	0.0	0.0	0.0	0.0	0.0	0.0	0.0	0.0	0.0	0.0	0.0	6.0	0.0	0.0	0.0	0.0	0.0	0.0	0.0	0.0	0.0
340853	0.0	0.0	0.0	0.0	151.0	0.0	0.0	0.0	0.0	0.0	0.0	0.0	0.0	0.0	0.0	0.0	0.0	0.0	0.0	0.0	0.0
4440970	11.0	7.0	0.0	0.0	0.0	0.0	12.0	0.0	0.0	0.0	0.0	0.0	7.0	13.0	17.0	4.0	3.0	9.0	33.0	3.0	12.0
228730	11.0	6.0	43.0	129.0	1067.0	79.0	179.0	26.0	30.0	25.0	41.0	102.0	116.0	294.0	80.0	169.0	42.0	59.0	61.0	19.0	19.0
272749	43.0	62.0	7.0	38.0	59.0	79.0	0.0	41.0	46.0	64.0	28.0	20.0	14.0	0.0	17.0	0.0	9.0	12.0	0.0	14.0	9.0
308546	0.0	0.0	0.0	0.0	0.0	0.0	0.0	0.0	0.0	0.0	58.0	0.0	0.0	0.0	0.0	0.0	0.0	0.0	0.0	0.0	0.0
234912	4.0	6.0	0.0	0.0	0.0	0.0	4.0	7.0	0.0	0.0	5.0	4.0	15.0	2.0	18.0	4.0	0.0	0.0	0.0	0.0	5.0
175706	51.0	43.0	91.0	94.0	100.0	44.0	28.0	64.0	48.0	94.0	114.0	42.0	50.0	66.0	56.0	126.0	57.0	57.0	44.0	40.0	34.0
830014	0.0	0.0	0.0	0.0	0.0	11.0	0.0	0.0	0.0	0.0	0.0	0.0	0.0	0.0	0.0	0.0	0.0	5.0	0.0	0.0	0.0
192598	0.0	0.0	0.0	0.0	6.0	12.0	0.0	0.0	6.0	7.0	0.0	6.0	7.0	0.0	0.0	0.0	0.0	0.0	0.0	3.0	0.0
581021	0.0	0.0	455.0	66.0	0.0	0.0	0.0	0.0	0.0	0.0	0.0	0.0	0.0	0.0	0.0	0.0	0.0	0.0	0.0	0.0	0.0
270385	51.0	18.0	0.0	0.0	67.0	24.0	0.0	0.0	0.0	0.0	0.0	0.0	27.0	0.0	26.0	0.0	0.0	18.0	0.0	0.0	0.0
318732	0.0	0.0	0.0	0.0	0.0	0.0	0.0	0.0	266.0	371.0	0.0	0.0	0.0	0.0	0.0	0.0	0.0	0.0	0.0	0.0	0.0
826302	6.0	14.0	0.0	14.0	0.0	0.0	0.0	0.0	0.0	0.0	0.0	0.0	8.0	15.0	0.0	0.0	0.0	0.0	0.0	0.0	0.0
339791	40.0	17.0	0.0	27.0	0.0	0.0	0.0	30.0	67.0	26.0	24.0	0.0	0.0	14.0	0.0	9.0	0.0	24.0	0.0	0.0	0.0
275423	0.0	0.0	0.0	0.0	0.0	0.0	0.0	0.0	0.0	0.0	0.0	0.0	38.0	71.0	0.0	0.0	0.0	0.0	0.0	0.0	0.0
4355739	0.0	0.0	0.0	0.0	0.0	0.0	0.0	4.0	0.0	0.0	0.0	0.0	0.0	0.0	10.0	0.0	6.0	0.0	0.0	25.0	0.0
405780	0.0	0.0	0.0	0.0	0.0	12.0	0.0	0.0	0.0	0.0	0.0	0.0	0.0	0.0	0.0	0.0	0.0	0.0	0.0	0.0	0.0
214919	20.0	33.0	0.0	20.0	0.0	0.0	273.0	100.0	109.0	557.0	0.0	0.0	102.0	171.0	0.0	0.0	0.0	0.0	0.0	35.0	0.0
275563	0.0	0.0	12.0	0.0	0.0	0.0	0.0	0.0	0.0	0.0	0.0	0.0	0.0	0.0	0.0	0.0	0.0	0.0	0.0	0.0	0.0
260410	46.0	47.0	222.0	69.0	29.0	77.0	75.0	89.0	85.0	146.0	148.0	128.0	166.0	198.0	26.0	0.0	48.0	68.0	55.0	23.0	0.0
826382	0.0	14.0	0.0	0.0	0.0	0.0	0.0	0.0	0.0	0.0	0.0	0.0	0.0	0.0	0.0	0.0	0.0	0.0	0.0	0.0	0.0
174959	0.0	0.0	0.0	59.0	107.0	0.0	0.0	0.0	0.0	0.0	0.0	0.0	74.0	0.0	0.0	0.0	0.0	0.0	0.0	0.0	0.0
344527	0.0	0.0	0.0	0.0	0.0	13.0	0.0	0.0	0.0	4.0	5.0	0.0	0.0	0.0	7.0	0.0	0.0	6.0	10.0	0.0	0.0
184451	0.0	12.0	0.0	0.0	0.0	0.0	0.0	0.0	0.0	0.0	11.0	0.0	0.0	0.0	0.0	0.0	0.0	0.0	0.0	0.0	0.0
621700	0.0	0.0	0.0	0.0	0.0	16.0	0.0	0.0	0.0	0.0	0.0	0.0	0.0	0.0	5.0	0.0	5.0	0.0	0.0	0.0	0.0
2216525	0.0	0.0	0.0	0.0	0.0	4.0	6.0	0.0	0.0	0.0	6.0	0.0	0.0	0.0	0.0	0.0	0.0	3.0	3.0	0.0	0.0
277574	0.0	0.0	0.0	0.0	0.0	85.0	0.0	37.0	0.0	0.0	0.0	0.0	0.0	0.0	0.0	0.0	0.0	0.0	0.0	0.0	0.0
4455677	0.0	0.0	0.0	79.0	32.0	0.0	0.0	0.0	0.0	0.0	0.0	0.0	0.0	0.0	0.0	0.0	0.0	0.0	0.0	0.0	0.0
190652	71.0	112.0	0.0	0.0	0.0	143.0	9.0	32.0	25.0	55.0	0.0	63.0	11.0	31.0	0.0	10.0	7.0	15.0	0.0	11.0	11.0
272953	0.0	0.0	0.0	0.0	0.0	0.0	0.0	13.0	0.0	0.0	0.0	0.0	0.0	0.0	0.0	0.0	0.0	0.0	0.0	0.0	0.0
174441	0.0	27.0	0.0	0.0	16.0	0.0	11.0	0.0	0.0	0.0	0.0	0.0	0.0	14.0	14.0	30.0	0.0	0.0	0.0	79.0	0.0
2645488	7.0	0.0	2.0	0.0	0.0	0.0	0.0	9.0	0.0	0.0	0.0	0.0	0.0	0.0	0.0	0.0	0.0	0.0	0.0	0.0	0.0
180465	6.0	17.0	0.0	0.0	0.0	0.0	0.0	39.0	26.0	26.0	0.0	0.0	26.0	30.0	23.0	9.0	0.0	14.0	0.0	0.0	0.0
681370	63.0	50.0	3.0	32.0	14.0	22.0	30.0	15.0	262.0	151.0	0.0	0.0	233.0	26.0	0.0	0.0	0.0	0.0	0.0	0.0	0.0
343140	0.0	0.0	0.0	0.0	0.0	0.0	0.0	24.0	0.0	0.0	14.0	0.0	0.0	0.0	0.0	0.0	0.0	0.0	0.0	0.0	0.0
337494	603.0	440.0	0.0	0.0	0.0	0.0	0.0	0.0	0.0	0.0	0.0	0.0	315.0	0.0	315.0	0.0	0.0	281.0	0.0	0.0	88.0
261265	29.0	38.0	44.0	58.0	38.0	92.0	0.0	0.0	41.0	19.0	0.0	0.0	37.0	42.0	17.0	12.0	0.0	7.0	20.0	47.0	0.0
611931	0.0	0.0	42.0	0.0	0.0	0.0	0.0	0.0	0.0	0.0	0.0	0.0	0.0	0.0	0.0	0.0	0.0	0.0	0.0	0.0	0.0
2120779	25.0	0.0	0.0	0.0	0.0	67.0	0.0	0.0	11.0	40.0	90.0	0.0	76.0	82.0	32.0	11.0	35.0	64.0	31.0	47.0	0.0
180800	30.0	0.0	0.0	0.0	0.0	0.0	0.0	0.0	0.0	0.0	0.0	0.0	9.0	38.0	0.0	0.0	0.0	0.0	0.0	5.0	0.0
178735	0.0	0.0	0.0	0.0	0.0	0.0	0.0	0.0	0.0	0.0	0.0	0.0	0.0	0.0	0.0	0.0	4.0	0.0	0.0	0.0	3.0
2645483	0.0	0.0	22.0	135.0	350.0	0.0	0.0	0.0	0.0	0.0	0.0	0.0	0.0	0.0	0.0	0.0	0.0	0.0	0.0	0.0	0.0
308042	0.0	0.0	15.0	49.0	26.0	0.0	0.0	24.0	18.0	37.0	33.0	0.0	21.0	0.0	0.0	0.0	0.0	0.0	0.0	0.0	0.0
3584772	0.0	0.0	0.0	0.0	0.0	0.0	0.0	0.0	0.0	0.0	0.0	0.0	9.0	0.0	0.0	0.0	0.0	0.0	0.0	0.0	0.0
175367	191.0	315.0	0.0	16.0	0.0	0.0	16.0	105.0	49.0	230.0	0.0	0.0	5.0	90.0	15.0	0.0	59.0	9.0	60.0	0.0	0.0
207288	324.0	578.0	1248.0	888.0	3280.0	679.0	555.0	1059.0	1185.0	798.0	2509.0	673.0	1112.0	1760.0	694.0	1507.0	487.0	635.0	560.0	373.0	244.0
1108378	6.0	0.0	0.0	11.0	0.0	0.0	0.0	0.0	0.0	10.0	0.0	0.0	0.0	0.0	0.0	0.0	0.0	0.0	0.0	0.0	0.0
327486	18.0	303.0	0.0	0.0	0.0	0.0	56.0	250.0	19.0	0.0	165.0	48.0	108.0	92.0	61.0	0.0	38.0	70.0	46.0	0.0	0.0
259275	0.0	0.0	23.0	53.0	64.0	31.0	31.0	0.0	29.0	57.0	0.0	43.0	0.0	0.0	38.0	77.0	0.0	0.0	0.0	40.0	0.0
688923	0.0	0.0	0.0	0.0	0.0	0.0	0.0	0.0	0.0	0.0	0.0	0.0	0.0	0.0	4.0	0.0	0.0	0.0	0.0	0.0	0.0
263138	0.0	0.0	0.0	62.0	0.0	19.0	0.0	0.0	0.0	0.0	0.0	0.0	0.0	10.0	0.0	0.0	0.0	0.0	0.0	0.0	0.0
326055	0.0	0.0	0.0	0.0	0.0	47.0	0.0	0.0	0.0	0.0	0.0	0.0	0.0	8.0	0.0	0.0	0.0	4.0	0.0	0.0	0.0
262639	0.0	0.0	0.0	0.0	0.0	0.0	0.0	0.0	0.0	0.0	14.0	0.0	0.0	40.0	22.0	27.0	11.0	0.0	0.0	43.0	0.0
2897325	53.0	42.0	8.0	67.0	166.0	24.0	12.0	43.0	38.0	42.0	28.0	41.0	24.0	28.0	19.0	22.0	0.0	17.0	0.0	25.0	0.0
331782	0.0	0.0	0.0	136.0	0.0	0.0	0.0	0.0	0.0	0.0	0.0	0.0	0.0	0.0	0.0	0.0	0.0	0.0	0.0	0.0	0.0
153978	0.0	0.0	0.0	0.0	0.0	0.0	25.0	0.0	0.0	0.0	0.0	0.0	0.0	0.0	0.0	0.0	0.0	0.0	0.0	0.0	0.0
335330	76.0	22.0	0.0	0.0	0.0	23.0	0.0	0.0	0.0	0.0	0.0	0.0	0.0	0.0	0.0	0.0	0.0	0.0	0.0	24.0	0.0
3392840	0.0	0.0	0.0	56.0	324.0	21.0	0.0	0.0	0.0	0.0	0.0	0.0	0.0	0.0	0.0	0.0	0.0	0.0	0.0	0.0	0.0
265063	57.0	40.0	0.0	34.0	30.0	142.0	0.0	64.0	26.0	41.0	0.0	10.0	16.0	24.0	39.0	14.0	0.0	7.0	0.0	31.0	0.0
270759	9.0	0.0	0.0	0.0	0.0	0.0	0.0	24.0	0.0	0.0	0.0	0.0	0.0	0.0	0.0	0.0	0.0	0.0	0.0	0.0	0.0
161993	0.0	0.0	0.0	0.0	0.0	0.0	0.0	0.0	0.0	0.0	0.0	16.0	0.0	0.0	0.0	70.0	0.0	0.0	0.0	0.0	0.0
182470	12.0	0.0	0.0	0.0	0.0	0.0	0.0	0.0	6.0	0.0	0.0	0.0	0.0	0.0	0.0	0.0	0.0	0.0	0.0	0.0	0.0
320123	133.0	240.0	8.0	79.0	34.0	210.0	0.0	122.0	223.0	341.0	0.0	0.0	968.0	445.0	42.0	32.0	139.0	168.0	149.0	86.0	75.0
3392847	0.0	0.0	0.0	13.0	0.0	7.0	0.0	0.0	14.0	13.0	6.0	0.0	0.0	0.0	0.0	0.0	0.0	0.0	0.0	0.0	0.0
697874	0.0	0.0	0.0	0.0	0.0	0.0	0.0	0.0	7.0	8.0	0.0	0.0	0.0	0.0	9.0	0.0	0.0	0.0	0.0	0.0	0.0
175646	49.0	41.0	106.0	40.0	97.0	51.0	36.0	123.0	175.0	233.0	258.0	36.0	163.0	133.0	0.0	48.0	45.0	62.0	22.0	42.0	72.0
188457	27.0	0.0	0.0	0.0	0.0	20.0	0.0	0.0	0.0	0.0	0.0	0.0	0.0	0.0	30.0	0.0	0.0	18.0	62.0	15.0	21.0
97286	52.0	18.0	0.0	0.0	0.0	20.0	0.0	0.0	0.0	64.0	0.0	0.0	0.0	0.0	0.0	0.0	0.0	0.0	0.0	0.0	0.0
169182	0.0	0.0	121.0	11.0	0.0	0.0	0.0	0.0	0.0	0.0	0.0	0.0	0.0	0.0	0.0	0.0	0.0	0.0	0.0	0.0	0.0
330296	0.0	0.0	0.0	0.0	0.0	0.0	0.0	0.0	0.0	0.0	61.0	0.0	0.0	0.0	0.0	0.0	0.0	0.0	0.0	0.0	0.0
199532	0.0	0.0	133.0	35.0	0.0	220.0	15.0	0.0	0.0	0.0	199.0	0.0	74.0	0.0	178.0	316.0	72.0	0.0	0.0	0.0	0.0
267110	0.0	35.0	0.0	54.0	0.0	11.0	0.0	0.0	0.0	0.0	0.0	45.0	0.0	0.0	63.0	24.0	29.0	0.0	48.0	95.0	14.0
4405128	0.0	0.0	31.0	7.0	26.0	0.0	0.0	0.0	0.0	0.0	0.0	0.0	67.0	94.0	0.0	0.0	0.0	0.0	0.0	0.0	0.0
212170	15.0	48.0	99.0	0.0	89.0	59.0	50.0	84.0	132.0	190.0	0.0	95.0	160.0	82.0	0.0	0.0	22.0	71.0	39.0	34.0	50.0
176868	43.0	59.0	21.0	60.0	45.0	56.0	8.0	75.0	24.0	27.0	64.0	0.0	23.0	9.0	16.0	14.0	21.0	46.0	9.0	61.0	6.0
172464	0.0	9.0	0.0	0.0	0.0	0.0	5.0	0.0	0.0	0.0	63.0	0.0	0.0	0.0	0.0	0.0	0.0	0.0	0.0	0.0	0.0
304890	12.0	0.0	6.0	0.0	0.0	0.0	0.0	51.0	0.0	40.0	256.0	0.0	0.0	18.0	0.0	0.0	0.0	21.0	0.0	0.0	31.0
4480555	0.0	0.0	0.0	0.0	0.0	0.0	0.0	0.0	0.0	0.0	0.0	27.0	0.0	0.0	0.0	0.0	0.0	0.0	0.0	0.0	0.0
191841	3851.0	2657.0	4317.0	2385.0	0.0	6022.0	871.0	2000.0	3092.0	1047.0	9.0	1907.0	607.0	1948.0	9762.0	4109.0	3924.0	4678.0	4713.0	4111.0	4538.0
1107799	0.0	0.0	0.0	0.0	0.0	10.0	0.0	0.0	0.0	0.0	0.0	0.0	0.0	0.0	0.0	0.0	0.0	3.0	0.0	0.0	0.0
215317	0.0	0.0	31.0	22.0	0.0	0.0	0.0	139.0	134.0	256.0	0.0	0.0	0.0	0.0	0.0	14.0	23.0	0.0	0.0	70.0	0.0
2212505	170.0	184.0	1068.0	1277.0	266.0	765.0	1969.0	503.0	283.0	226.0	116.0	375.0	156.0	109.0	1932.0	2528.0	530.0	619.0	669.0	661.0	1042.0
210269	0.0	0.0	1037.0	32.0	0.0	0.0	0.0	0.0	0.0	0.0	0.0	0.0	0.0	0.0	0.0	0.0	0.0	0.0	0.0	0.0	0.0
332608	0.0	0.0	0.0	0.0	0.0	0.0	0.0	0.0	0.0	0.0	12.0	0.0	0.0	0.0	20.0	0.0	0.0	0.0	0.0	0.0	0.0
1108356	0.0	0.0	7.0	0.0	0.0	0.0	0.0	0.0	0.0	0.0	0.0	0.0	0.0	0.0	0.0	0.0	0.0	0.0	0.0	0.0	0.0
270039	0.0	0.0	0.0	0.0	0.0	0.0	0.0	0.0	0.0	0.0	10.0	0.0	0.0	0.0	0.0	0.0	0.0	0.0	0.0	0.0	0.0
177352	0.0	15.0	0.0	18.0	0.0	0.0	3.0	0.0	4.0	23.0	0.0	0.0	0.0	0.0	0.0	0.0	0.0	0.0	2.0	0.0	0.0
157546	0.0	0.0	0.0	0.0	0.0	0.0	0.0	0.0	6.0	0.0	0.0	0.0	0.0	0.0	0.0	0.0	0.0	0.0	0.0	0.0	0.0
769075	0.0	0.0	0.0	0.0	0.0	0.0	0.0	0.0	0.0	0.0	0.0	0.0	0.0	0.0	7.0	0.0	0.0	9.0	16.0	0.0	0.0
270519	40.0	36.0	20.0	27.0	23.0	34.0	13.0	57.0	63.0	31.0	26.0	65.0	28.0	39.0	28.0	0.0	32.0	56.0	30.0	25.0	16.0
263362	0.0	0.0	0.0	0.0	0.0	8.0	0.0	0.0	9.0	0.0	0.0	0.0	0.0	0.0	0.0	0.0	0.0	0.0	17.0	0.0	0.0
306914	73.0	71.0	0.0	0.0	114.0	19.0	0.0	31.0	0.0	64.0	0.0	0.0	33.0	0.0	7.0	0.0	0.0	10.0	7.0	0.0	0.0
235017	0.0	0.0	20.0	0.0	45.0	0.0	35.0	6.0	20.0	5.0	20.0	16.0	0.0	0.0	0.0	0.0	12.0	12.0	23.0	33.0	15.0
270391	35.0	22.0	29.0	37.0	287.0	189.0	228.0	32.0	15.0	16.0	14.0	33.0	23.0	71.0	52.0	64.0	74.0	112.0	86.0	39.0	10.0
269418	0.0	29.0	0.0	0.0	54.0	0.0	0.0	0.0	0.0	0.0	0.0	0.0	0.0	19.0	23.0	0.0	0.0	0.0	0.0	0.0	0.0
183106	0.0	0.0	0.0	7.0	0.0	0.0	0.0	0.0	0.0	0.0	0.0	0.0	0.0	0.0	0.0	0.0	0.0	0.0	0.0	0.0	0.0
266694	0.0	119.0	0.0	45.0	0.0	26.0	0.0	34.0	22.0	9.0	0.0	32.0	0.0	50.0	49.0	0.0	11.0	25.0	0.0	17.0	0.0
273737	0.0	0.0	0.0	15.0	18.0	0.0	0.0	7.0	2.0	0.0	0.0	4.0	0.0	0.0	0.0	0.0	0.0	0.0	0.0	0.0	0.0
259120	0.0	15.0	57.0	19.0	45.0	63.0	0.0	119.0	58.0	157.0	79.0	49.0	71.0	0.0	84.0	46.0	18.0	17.0	13.0	0.0	0.0
191445	0.0	0.0	0.0	0.0	0.0	0.0	0.0	0.0	0.0	6.0	0.0	0.0	0.0	0.0	0.0	0.0	0.0	0.0	0.0	0.0	0.0
1110253	28.0	21.0	0.0	11.0	22.0	69.0	0.0	54.0	37.0	17.0	0.0	7.0	20.0	0.0	0.0	0.0	0.0	0.0	0.0	0.0	0.0
339549	0.0	0.0	60.0	77.0	0.0	33.0	104.0	0.0	0.0	0.0	0.0	0.0	0.0	0.0	0.0	0.0	0.0	0.0	0.0	0.0	0.0
258368	0.0	0.0	0.0	0.0	0.0	0.0	0.0	24.0	0.0	0.0	0.0	0.0	0.0	0.0	0.0	0.0	0.0	0.0	0.0	0.0	0.0
1058952	0.0	0.0	0.0	0.0	104.0	0.0	0.0	0.0	0.0	0.0	0.0	0.0	112.0	23.0	0.0	0.0	0.0	0.0	0.0	0.0	0.0
351881	0.0	0.0	0.0	0.0	0.0	0.0	0.0	16.0	0.0	0.0	0.0	0.0	0.0	0.0	0.0	0.0	0.0	0.0	0.0	0.0	0.0
263337	0.0	0.0	0.0	0.0	0.0	0.0	0.0	19.0	0.0	0.0	0.0	0.0	12.0	0.0	0.0	0.0	0.0	0.0	0.0	0.0	0.0
4402042	0.0	0.0	0.0	0.0	0.0	9.0	0.0	0.0	0.0	0.0	0.0	0.0	0.0	0.0	0.0	0.0	0.0	0.0	0.0	0.0	0.0
321972	26.0	35.0	253.0	987.0	196.0	111.0	696.0	126.0	214.0	259.0	75.0	106.0	515.0	218.0	202.0	484.0	59.0	56.0	83.0	57.0	46.0
187673	97.0	95.0	77.0	140.0	814.0	328.0	127.0	51.0	99.0	92.0	83.0	60.0	157.0	136.0	130.0	292.0	147.0	147.0	144.0	38.0	66.0
264193	0.0	0.0	50.0	0.0	0.0	0.0	0.0	205.0	83.0	21.0	0.0	0.0	0.0	0.0	0.0	0.0	8.0	7.0	12.0	13.0	0.0
196165	903.0	322.0	0.0	162.0	144.0	188.0	0.0	316.0	160.0	309.0	63.0	63.0	21.0	34.0	0.0	0.0	0.0	28.0	0.0	0.0	0.0
197600	14.0	14.0	0.0	6.0	0.0	0.0	0.0	0.0	0.0	0.0	0.0	0.0	15.0	0.0	0.0	0.0	0.0	0.0	0.0	0.0	0.0
276404	14.0	0.0	0.0	0.0	0.0	8.0	0.0	9.0	19.0	38.0	0.0	0.0	28.0	0.0	58.0	0.0	8.0	22.0	16.0	17.0	0.0
183838	0.0	0.0	0.0	0.0	55.0	132.0	48.0	0.0	0.0	0.0	0.0	0.0	0.0	0.0	0.0	0.0	0.0	0.0	0.0	0.0	0.0
631564	0.0	0.0	0.0	55.0	75.0	0.0	0.0	0.0	0.0	0.0	0.0	0.0	35.0	0.0	0.0	0.0	0.0	6.0	0.0	0.0	0.0
263252	0.0	7.0	22.0	0.0	5.0	12.0	19.0	10.0	11.0	12.0	6.0	9.0	14.0	0.0	76.0	62.0	5.0	7.0	12.0	8.0	0.0
185186	0.0	0.0	99.0	193.0	41.0	0.0	0.0	0.0	0.0	0.0	0.0	0.0	0.0	0.0	0.0	0.0	0.0	0.0	0.0	0.0	0.0
301585	50.0	80.0	57.0	50.0	23.0	199.0	0.0	81.0	39.0	85.0	77.0	19.0	112.0	0.0	12.0	0.0	0.0	29.0	41.0	42.0	10.0
259846	0.0	5.0	0.0	0.0	0.0	0.0	0.0	12.0	0.0	0.0	0.0	0.0	0.0	0.0	0.0	0.0	0.0	0.0	0.0	0.0	0.0
4378740	134.0	68.0	385.0	483.0	404.0	780.0	726.0	151.0	14.0	89.0	221.0	122.0	451.0	121.0	544.0	1495.0	457.0	668.0	990.0	378.0	203.0
167204	0.0	0.0	879.0	0.0	0.0	0.0	26.0	0.0	0.0	0.0	0.0	3713.0	663.0	0.0	146.0	286.0	0.0	0.0	0.0	1069.0	0.0
339905	128.0	117.0	579.0	108.0	0.0	265.0	153.0	196.0	305.0	252.0	480.0	85.0	203.0	364.0	106.0	97.0	211.0	269.0	286.0	148.0	106.0
264325	109.0	174.0	122.0	65.0	54.0	29.0	77.0	38.0	64.0	196.0	47.0	99.0	162.0	0.0	49.0	23.0	13.0	71.0	37.0	67.0	51.0
326609	0.0	0.0	0.0	0.0	0.0	9.0	0.0	0.0	0.0	0.0	0.0	0.0	10.0	0.0	0.0	0.0	0.0	7.0	0.0	6.0	0.0
191897	14.0	12.0	29.0	17.0	15.0	36.0	0.0	23.0	24.0	45.0	54.0	72.0	112.0	8.0	0.0	0.0	20.0	33.0	11.0	33.0	13.0
184381	223.0	140.0	153.0	296.0	259.0	181.0	162.0	275.0	283.0	377.0	329.0	356.0	181.0	242.0	422.0	695.0	274.0	437.0	457.0	193.0	169.0
262625	26.0	29.0	0.0	99.0	0.0	0.0	0.0	223.0	25.0	26.0	0.0	14.0	0.0	33.0	27.0	0.0	0.0	0.0	0.0	0.0	0.0
333049	44.0	0.0	0.0	0.0	0.0	0.0	0.0	9.0	0.0	0.0	0.0	0.0	0.0	0.0	0.0	0.0	0.0	0.0	0.0	0.0	0.0
311695	42.0	140.0	0.0	170.0	379.0	0.0	61.0	114.0	0.0	47.0	213.0	0.0	267.0	568.0	91.0	19.0	95.0	136.0	0.0	0.0	16.0
262119	13.0	14.0	0.0	0.0	19.0	19.0	0.0	8.0	0.0	0.0	0.0	0.0	20.0	29.0	24.0	15.0	0.0	0.0	0.0	0.0	0.0
437137	0.0	0.0	37.0	47.0	80.0	0.0	0.0	0.0	0.0	0.0	0.0	0.0	0.0	0.0	0.0	0.0	0.0	0.0	0.0	0.0	0.0
188878	0.0	89.0	0.0	367.0	0.0	0.0	0.0	180.0	139.0	169.0	0.0	0.0	49.0	70.0	181.0	0.0	8.0	218.0	0.0	0.0	76.0
176925	5.0	0.0	0.0	0.0	0.0	0.0	0.0	0.0	0.0	0.0	0.0	0.0	6.0	0.0	0.0	0.0	0.0	0.0	0.0	0.0	0.0
3176547	0.0	0.0	0.0	0.0	0.0	85.0	42.0	0.0	28.0	67.0	0.0	0.0	12.0	0.0	30.0	24.0	0.0	10.0	0.0	0.0	0.0
196974	0.0	0.0	26.0	22.0	0.0	0.0	0.0	36.0	27.0	48.0	0.0	0.0	0.0	0.0	0.0	0.0	0.0	0.0	0.0	0.0	0.0
269161	12.0	14.0	0.0	28.0	0.0	0.0	0.0	12.0	9.0	12.0	0.0	0.0	0.0	0.0	0.0	0.0	0.0	0.0	0.0	0.0	0.0
181368	48.0	145.0	0.0	38.0	0.0	0.0	0.0	0.0	145.0	41.0	0.0	0.0	227.0	152.0	8.0	0.0	37.0	67.0	0.0	0.0	12.0
389529	0.0	0.0	0.0	0.0	0.0	6.0	0.0	0.0	0.0	0.0	0.0	0.0	0.0	0.0	0.0	0.0	0.0	0.0	0.0	0.0	0.0
112891	59.0	101.0	0.0	4.0	0.0	17.0	123.0	56.0	473.0	39.0	0.0	0.0	21.0	219.0	20.0	0.0	63.0	136.0	89.0	207.0	84.0
383971	70.0	77.0	0.0	37.0	0.0	0.0	0.0	17.0	0.0	0.0	0.0	0.0	39.0	0.0	12.0	0.0	10.0	39.0	14.0	0.0	12.0
344198	0.0	116.0	0.0	0.0	0.0	0.0	0.0	101.0	0.0	0.0	47.0	37.0	75.0	34.0	0.0	0.0	46.0	0.0	0.0	0.0	0.0
828435	0.0	0.0	0.0	5.0	0.0	15.0	5.0	0.0	0.0	0.0	0.0	0.0	0.0	21.0	0.0	0.0	0.0	0.0	0.0	0.0	0.0
343264	0.0	0.0	0.0	0.0	0.0	0.0	0.0	0.0	0.0	0.0	0.0	0.0	0.0	0.0	9.0	0.0	0.0	0.0	0.0	0.0	0.0
194822	0.0	94.0	75.0	0.0	0.0	21.0	0.0	88.0	58.0	181.0	135.0	11.0	41.0	0.0	0.0	0.0	0.0	0.0	0.0	0.0	0.0
197765	12.0	13.0	0.0	0.0	0.0	0.0	0.0	0.0	0.0	0.0	11.0	0.0	27.0	0.0	0.0	0.0	0.0	0.0	0.0	0.0	0.0
275470	104.0	0.0	0.0	196.0	0.0	0.0	29.0	0.0	0.0	0.0	0.0	0.0	0.0	126.0	19.0	0.0	0.0	42.0	22.0	0.0	0.0
265576	0.0	0.0	0.0	37.0	11.0	0.0	0.0	0.0	0.0	0.0	0.0	0.0	0.0	0.0	0.0	0.0	0.0	0.0	0.0	0.0	0.0
346870	0.0	0.0	61.0	32.0	37.0	0.0	0.0	0.0	0.0	0.0	0.0	0.0	0.0	0.0	0.0	0.0	0.0	0.0	0.0	0.0	0.0
183805	35.0	39.0	0.0	27.0	23.0	0.0	0.0	17.0	11.0	0.0	17.0	15.0	33.0	37.0	0.0	0.0	0.0	0.0	0.0	0.0	0.0
238487	0.0	0.0	0.0	0.0	0.0	3.0	0.0	34.0	0.0	21.0	25.0	0.0	0.0	0.0	0.0	19.0	0.0	9.0	0.0	0.0	0.0
332885	0.0	3.0	0.0	115.0	0.0	0.0	0.0	11.0	12.0	26.0	0.0	0.0	16.0	0.0	0.0	0.0	0.0	0.0	0.0	0.0	5.0
344329	38.0	0.0	3.0	0.0	15.0	50.0	5.0	58.0	12.0	27.0	11.0	9.0	29.0	0.0	105.0	28.0	0.0	0.0	21.0	40.0	0.0
199307	10.0	17.0	13.0	15.0	20.0	50.0	0.0	0.0	11.0	6.0	18.0	0.0	0.0	19.0	14.0	11.0	0.0	0.0	8.0	10.0	0.0
833458	0.0	0.0	0.0	0.0	0.0	0.0	0.0	0.0	0.0	0.0	0.0	0.0	0.0	0.0	0.0	0.0	0.0	8.0	0.0	0.0	0.0
1136443	155.0	550.0	0.0	399.0	209.0	8.0	6.0	28.0	19.0	183.0	22.0	81.0	25.0	0.0	17.0	132.0	0.0	0.0	0.0	5.0	15.0
318162	15.0	26.0	0.0	0.0	0.0	0.0	9.0	20.0	0.0	0.0	169.0	4.0	0.0	0.0	0.0	23.0	0.0	0.0	0.0	0.0	0.0
191797	0.0	0.0	0.0	5.0	0.0	0.0	0.0	0.0	0.0	0.0	0.0	0.0	0.0	0.0	0.0	0.0	0.0	0.0	0.0	0.0	0.0
333178	10.0	15.0	246.0	22.0	20.0	58.0	2.0	24.0	25.0	52.0	177.0	8.0	77.0	49.0	0.0	0.0	19.0	30.0	20.0	0.0	13.0
1571092	0.0	0.0	11.0	26.0	23.0	0.0	0.0	0.0	0.0	0.0	0.0	0.0	0.0	0.0	0.0	0.0	0.0	0.0	0.0	0.0	0.0
267452	0.0	0.0	0.0	0.0	0.0	0.0	0.0	17.0	0.0	0.0	0.0	0.0	15.0	0.0	7.0	0.0	0.0	0.0	0.0	0.0	0.0
338258	8.0	0.0	7.0	19.0	8.0	25.0	3.0	4.0	9.0	9.0	19.0	0.0	18.0	19.0	10.0	5.0	17.0	10.0	0.0	0.0	5.0
276149	11.0	0.0	33.0	78.0	9.0	36.0	73.0	22.0	65.0	34.0	5.0	27.0	29.0	43.0	0.0	0.0	3.0	4.0	14.0	10.0	0.0
321821	7.0	9.0	3.0	12.0	0.0	29.0	0.0	19.0	14.0	31.0	37.0	0.0	7.0	12.0	0.0	0.0	3.0	11.0	0.0	38.0	0.0
260828	0.0	0.0	0.0	0.0	0.0	0.0	12.0	0.0	0.0	0.0	0.0	0.0	38.0	61.0	0.0	0.0	0.0	0.0	0.0	0.0	17.0
344256	0.0	0.0	0.0	0.0	17.0	0.0	0.0	0.0	0.0	0.0	0.0	0.0	0.0	0.0	0.0	0.0	0.0	0.0	0.0	0.0	0.0
1113282	0.0	0.0	0.0	0.0	0.0	0.0	0.0	0.0	0.0	0.0	0.0	0.0	0.0	0.0	0.0	0.0	0.0	0.0	5.0	0.0	0.0
289379	0.0	0.0	0.0	0.0	0.0	0.0	16.0	0.0	0.0	0.0	0.0	0.0	0.0	0.0	0.0	0.0	0.0	0.0	0.0	0.0	0.0
181419	0.0	10.0	0.0	0.0	0.0	0.0	0.0	0.0	0.0	14.0	0.0	0.0	0.0	0.0	0.0	0.0	0.0	0.0	0.0	0.0	0.0
228785	0.0	0.0	0.0	0.0	0.0	0.0	0.0	0.0	0.0	4.0	0.0	8.0	0.0	0.0	0.0	0.0	0.0	0.0	0.0	0.0	0.0
319909	38.0	28.0	0.0	0.0	0.0	0.0	0.0	0.0	51.0	21.0	0.0	0.0	0.0	26.0	0.0	0.0	0.0	12.0	0.0	0.0	0.0
835456	0.0	0.0	0.0	7.0	0.0	0.0	49.0	6.0	10.0	0.0	0.0	0.0	65.0	0.0	0.0	0.0	0.0	0.0	0.0	0.0	0.0
4444771	0.0	0.0	0.0	0.0	0.0	0.0	0.0	0.0	0.0	0.0	0.0	0.0	0.0	0.0	6.0	0.0	0.0	0.0	0.0	0.0	0.0
825939	0.0	0.0	0.0	0.0	0.0	0.0	40.0	13.0	0.0	58.0	0.0	0.0	8.0	0.0	30.0	4.0	0.0	0.0	12.0	134.0	4.0
325126	26.0	40.0	0.0	39.0	16.0	0.0	0.0	0.0	0.0	0.0	0.0	0.0	15.0	0.0	14.0	0.0	0.0	13.0	0.0	5.0	0.0
264536	8.0	7.0	0.0	23.0	7.0	0.0	0.0	0.0	8.0	8.0	0.0	0.0	9.0	0.0	0.0	0.0	0.0	0.0	0.0	0.0	0.0
1857626	0.0	45.0	0.0	0.0	0.0	0.0	0.0	0.0	0.0	0.0	0.0	0.0	0.0	0.0	0.0	0.0	0.0	0.0	0.0	0.0	0.0
189076	12.0	54.0	0.0	0.0	0.0	0.0	146.0	22.0	234.0	0.0	0.0	38.0	10.0	115.0	8.0	5.0	42.0	101.0	72.0	160.0	57.0
214835	0.0	0.0	0.0	0.0	0.0	0.0	0.0	0.0	0.0	0.0	11.0	0.0	0.0	0.0	0.0	0.0	0.0	0.0	0.0	0.0	0.0
327284	0.0	0.0	5.0	0.0	0.0	4.0	0.0	0.0	0.0	0.0	12.0	4.0	15.0	0.0	0.0	0.0	0.0	0.0	0.0	0.0	0.0
832558	0.0	0.0	0.0	0.0	0.0	36.0	0.0	0.0	0.0	0.0	0.0	0.0	0.0	0.0	0.0	0.0	0.0	0.0	0.0	0.0	0.0
1111582	0.0	0.0	569.0	33.0	0.0	0.0	0.0	0.0	0.0	0.0	0.0	0.0	0.0	0.0	0.0	0.0	0.0	0.0	0.0	0.0	0.0
4405146	0.0	13.0	9.0	30.0	0.0	22.0	30.0	8.0	0.0	0.0	0.0	9.0	36.0	19.0	39.0	27.0	25.0	28.0	49.0	17.0	0.0
2315700	10.0	4.0	0.0	7.0	3.0	8.0	0.0	0.0	0.0	0.0	0.0	5.0	8.0	0.0	0.0	0.0	0.0	0.0	2.0	0.0	0.0
266091	0.0	0.0	0.0	0.0	0.0	9.0	0.0	0.0	0.0	0.0	0.0	0.0	0.0	0.0	0.0	0.0	0.0	0.0	0.0	0.0	0.0
175143	0.0	0.0	0.0	10.0	0.0	0.0	0.0	0.0	0.0	0.0	14.0	0.0	0.0	0.0	0.0	0.0	0.0	0.0	0.0	0.0	0.0
356073	27.0	17.0	0.0	0.0	0.0	0.0	0.0	18.0	0.0	0.0	0.0	21.0	0.0	0.0	6.0	0.0	0.0	16.0	0.0	0.0	0.0
187223	0.0	0.0	0.0	0.0	0.0	0.0	0.0	0.0	0.0	0.0	0.0	0.0	0.0	12.0	0.0	0.0	0.0	0.0	0.0	0.0	0.0
4357315	0.0	0.0	0.0	0.0	0.0	4.0	0.0	0.0	0.0	0.0	0.0	0.0	0.0	0.0	0.0	0.0	0.0	0.0	0.0	0.0	0.0
339229	46.0	130.0	0.0	0.0	16.0	73.0	0.0	14.0	11.0	23.0	43.0	0.0	37.0	8.0	0.0	0.0	6.0	9.0	6.0	0.0	0.0
266976	297.0	320.0	784.0	709.0	368.0	319.0	538.0	574.0	698.0	149.0	222.0	342.0	640.0	363.0	323.0	484.0	371.0	488.0	544.0	219.0	249.0
179548	108.0	118.0	323.0	109.0	240.0	230.0	79.0	159.0	191.0	316.0	0.0	153.0	166.0	118.0	76.0	33.0	143.0	183.0	149.0	73.0	112.0
259870	24.0	7.0	0.0	0.0	0.0	0.0	0.0	21.0	0.0	0.0	11.0	0.0	13.0	0.0	6.0	17.0	0.0	0.0	0.0	15.0	0.0
309361	24.0	28.0	0.0	0.0	0.0	11.0	17.0	28.0	0.0	25.0	0.0	0.0	74.0	0.0	70.0	0.0	8.0	28.0	7.0	0.0	0.0
586453	0.0	0.0	9.0	6.0	0.0	11.0	0.0	0.0	3.0	7.0	0.0	0.0	4.0	0.0	0.0	0.0	0.0	2.0	7.0	0.0	0.0
185989	0.0	0.0	0.0	0.0	210.0	324.0	135.0	0.0	0.0	0.0	0.0	0.0	0.0	39.0	0.0	0.0	0.0	0.0	0.0	0.0	0.0
165430	0.0	69.0	0.0	18.0	14.0	42.0	0.0	28.0	0.0	12.0	36.0	44.0	24.0	50.0	0.0	0.0	0.0	0.0	0.0	0.0	0.0
1108747	0.0	0.0	0.0	0.0	0.0	0.0	0.0	0.0	0.0	0.0	0.0	0.0	0.0	0.0	0.0	0.0	0.0	2.0	3.0	0.0	0.0
277202	4.0	0.0	0.0	0.0	4.0	6.0	0.0	0.0	0.0	0.0	3.0	8.0	0.0	0.0	7.0	14.0	0.0	0.0	0.0	5.0	0.0
444987	0.0	7.0	0.0	0.0	0.0	0.0	0.0	0.0	0.0	0.0	0.0	0.0	0.0	0.0	0.0	0.0	0.0	0.0	0.0	0.0	0.0
341749	0.0	7.0	0.0	0.0	0.0	0.0	0.0	0.0	0.0	0.0	12.0	12.0	0.0	0.0	0.0	0.0	0.0	0.0	0.0	0.0	0.0
320048	0.0	16.0	0.0	0.0	0.0	0.0	0.0	0.0	22.0	16.0	0.0	0.0	0.0	0.0	0.0	0.0	0.0	8.0	0.0	0.0	0.0
270993	20.0	0.0	0.0	0.0	0.0	48.0	0.0	84.0	24.0	94.0	32.0	0.0	0.0	0.0	32.0	56.0	0.0	31.0	11.0	31.0	0.0
269070	7.0	0.0	0.0	0.0	0.0	0.0	0.0	5.0	0.0	0.0	0.0	0.0	0.0	0.0	0.0	0.0	0.0	0.0	0.0	0.0	0.0
346275	30.0	0.0	0.0	0.0	0.0	0.0	0.0	0.0	0.0	0.0	0.0	0.0	0.0	0.0	0.0	0.0	0.0	0.0	0.0	0.0	0.0
311724	0.0	0.0	33.0	0.0	26.0	117.0	0.0	155.0	37.0	95.0	0.0	65.0	0.0	0.0	0.0	0.0	0.0	0.0	0.0	46.0	0.0
266206	203.0	123.0	0.0	0.0	0.0	0.0	0.0	155.0	77.0	229.0	191.0	0.0	0.0	0.0	0.0	12.0	54.0	29.0	34.0	104.0	0.0
331747	0.0	17.0	0.0	0.0	0.0	0.0	0.0	0.0	0.0	0.0	19.0	0.0	0.0	0.0	24.0	0.0	26.0	0.0	0.0	20.0	31.0
263111	86.0	193.0	1239.0	444.0	83.0	320.0	237.0	794.0	3221.0	2872.0	2170.0	784.0	1111.0	1049.0	255.0	73.0	162.0	318.0	99.0	2118.0	1488.0
797021	0.0	18.0	0.0	0.0	9.0	0.0	0.0	0.0	0.0	0.0	0.0	15.0	0.0	0.0	0.0	0.0	0.0	0.0	0.0	0.0	0.0
267042	0.0	61.0	15.0	16.0	19.0	67.0	8.0	0.0	23.0	26.0	87.0	0.0	50.0	18.0	29.0	0.0	11.0	13.0	8.0	8.0	0.0
194665	0.0	0.0	13.0	0.0	0.0	18.0	0.0	0.0	0.0	0.0	13.0	11.0	13.0	0.0	42.0	25.0	8.0	16.0	8.0	0.0	0.0
187272	33.0	36.0	11.0	20.0	41.0	0.0	28.0	23.0	21.0	37.0	42.0	125.0	127.0	62.0	33.0	47.0	49.0	57.0	85.0	32.0	22.0
355746	565.0	588.0	3087.0	3294.0	763.0	2026.0	5430.0	1359.0	868.0	708.0	339.0	939.0	401.0	321.0	5231.0	3589.0	1576.0	1610.0	1351.0	1824.0	2994.0
266411	0.0	0.0	0.0	0.0	0.0	0.0	0.0	7.0	0.0	0.0	0.0	0.0	0.0	0.0	0.0	0.0	0.0	0.0	0.0	0.0	0.0
342105	0.0	44.0	0.0	0.0	0.0	0.0	0.0	0.0	0.0	13.0	0.0	0.0	0.0	0.0	0.0	0.0	0.0	0.0	0.0	0.0	0.0
181349	43.0	84.0	26.0	41.0	0.0	33.0	0.0	57.0	35.0	169.0	15.0	17.0	26.0	0.0	0.0	0.0	13.0	28.0	32.0	26.0	0.0
266720	9.0	0.0	0.0	0.0	0.0	0.0	0.0	0.0	0.0	8.0	0.0	7.0	0.0	0.0	9.0	0.0	0.0	0.0	0.0	0.0	0.0
277104	0.0	0.0	143.0	0.0	0.0	0.0	0.0	469.0	246.0	68.0	0.0	0.0	0.0	0.0	0.0	4.0	0.0	6.0	70.0	40.0	0.0
317399	0.0	0.0	0.0	0.0	0.0	0.0	0.0	0.0	0.0	0.0	0.0	0.0	47.0	31.0	48.0	41.0	15.0	15.0	16.0	0.0	0.0
204126	0.0	0.0	0.0	0.0	0.0	0.0	0.0	0.0	0.0	0.0	0.0	0.0	4.0	0.0	0.0	0.0	0.0	4.0	0.0	0.0	0.0
336214	115.0	67.0	55.0	60.0	127.0	264.0	70.0	127.0	40.0	211.0	112.0	179.0	215.0	634.0	28.0	11.0	0.0	17.0	17.0	44.0	67.0
1108078	0.0	12.0	0.0	0.0	0.0	0.0	0.0	35.0	0.0	11.0	12.0	12.0	0.0	8.0	22.0	18.0	0.0	0.0	0.0	0.0	0.0
276236	636.0	506.0	20.0	267.0	0.0	286.0	399.0	175.0	2286.0	392.0	0.0	36.0	268.0	149.0	5.0	0.0	147.0	199.0	334.0	565.0	649.0
290338	0.0	0.0	0.0	14.0	86.0	0.0	220.0	0.0	0.0	0.0	0.0	0.0	16.0	0.0	0.0	0.0	0.0	0.0	14.0	0.0	0.0
381666	6.0	4.0	5.0	21.0	313.0	23.0	277.0	0.0	0.0	24.0	8.0	13.0	0.0	0.0	111.0	94.0	28.0	12.0	58.0	45.0	34.0
4416396	21.0	0.0	0.0	0.0	0.0	0.0	0.0	28.0	0.0	15.0	0.0	38.0	10.0	9.0	9.0	41.0	0.0	0.0	2.0	0.0	0.0
258169	17.0	96.0	0.0	27.0	18.0	15.0	0.0	29.0	11.0	17.0	16.0	11.0	0.0	3.0	0.0	4.0	0.0	0.0	0.0	0.0	0.0
275974	0.0	9.0	0.0	0.0	7.0	0.0	0.0	5.0	11.0	8.0	0.0	0.0	10.0	14.0	0.0	0.0	0.0	0.0	0.0	4.0	0.0
342962	4.0	12.0	14.0	38.0	33.0	89.0	45.0	38.0	47.0	44.0	74.0	20.0	80.0	68.0	54.0	59.0	27.0	17.0	31.0	0.0	24.0
51677	0.0	0.0	0.0	6.0	4.0	31.0	0.0	0.0	0.0	0.0	0.0	0.0	0.0	13.0	0.0	0.0	0.0	0.0	0.0	0.0	0.0
827522	0.0	0.0	0.0	0.0	0.0	0.0	0.0	0.0	0.0	0.0	0.0	0.0	0.0	0.0	9.0	0.0	0.0	11.0	0.0	11.0	10.0
133719	0.0	0.0	0.0	0.0	26.0	0.0	11.0	0.0	0.0	6.0	20.0	0.0	61.0	0.0	0.0	0.0	7.0	0.0	21.0	0.0	0.0