# Constructed from biom file
#OTU ID	CBO1	CBO2	CBO3	CBO4	CBO5	CBO6	CBO7	CBO8	CBY1	CBY2	CBY3	CBY4	CBY5	CBY6	CBY7	CBY8
271647	0.0	0.0	40.0	1902.0	1225.0	775.0	0.0	0.0	0.0	0.0	0.0	0.0	0.0	0.0	0.0	0.0
336810	1159.0	1214.0	272.0	63.0	163.0	82.0	227.0	663.0	316.0	481.0	651.0	1414.0	1041.0	313.0	178.0	142.0
195711	1640.0	1661.0	0.0	0.0	102.0	0.0	447.0	1348.0	294.0	959.0	93.0	223.0	229.0	412.0	547.0	664.0
1113282	0.0	0.0	258.0	20.0	0.0	62.0	0.0	0.0	33.0	0.0	159.0	946.0	215.0	33.0	0.0	0.0
4471135	0.0	0.0	0.0	0.0	0.0	0.0	0.0	0.0	0.0	0.0	0.0	31.0	0.0	0.0	0.0	0.0
4462541	0.0	0.0	91.0	0.0	0.0	0.0	0.0	0.0	0.0	0.0	0.0	0.0	0.0	0.0	0.0	0.0
417981	0.0	0.0	0.0	0.0	0.0	0.0	0.0	0.0	0.0	0.0	14.0	0.0	0.0	0.0	0.0	0.0
276190	488.0	704.0	0.0	0.0	0.0	0.0	162.0	330.0	71.0	285.0	0.0	0.0	0.0	0.0	23.0	70.0
4369131	0.0	0.0	19.0	0.0	0.0	0.0	0.0	0.0	0.0	0.0	0.0	0.0	13.0	0.0	0.0	0.0
658370	156.0	0.0	0.0	0.0	0.0	0.0	46.0	23.0	0.0	85.0	0.0	0.0	0.0	0.0	9.0	93.0
192963	0.0	0.0	0.0	0.0	0.0	8.0	0.0	0.0	0.0	0.0	0.0	0.0	6.0	0.0	0.0	0.0
339791	320.0	192.0	0.0	0.0	54.0	0.0	132.0	177.0	25.0	78.0	18.0	0.0	0.0	54.0	71.0	44.0
181419	0.0	0.0	33.0	16.0	0.0	44.0	0.0	0.0	0.0	0.0	26.0	51.0	27.0	18.0	0.0	0.0
211234	0.0	0.0	0.0	0.0	0.0	0.0	0.0	0.0	0.0	0.0	10.0	64.0	55.0	0.0	0.0	0.0
181589	0.0	0.0	275.0	0.0	0.0	182.0	0.0	0.0	0.0	119.0	0.0	0.0	0.0	0.0	0.0	0.0
270993	75.0	431.0	88.0	51.0	101.0	154.0	87.0	160.0	84.0	100.0	287.0	227.0	240.0	115.0	37.0	0.0
805699	491.0	111.0	0.0	0.0	160.0	0.0	628.0	566.0	27.0	295.0	0.0	0.0	0.0	172.0	237.0	165.0
270199	0.0	0.0	0.0	70.0	0.0	0.0	0.0	0.0	0.0	0.0	0.0	0.0	20.0	0.0	0.0	0.0
229452	193.0	54.0	0.0	0.0	23.0	0.0	56.0	150.0	104.0	235.0	0.0	0.0	0.0	79.0	146.0	102.0
180465	330.0	201.0	24.0	42.0	137.0	125.0	39.0	75.0	76.0	145.0	174.0	186.0	144.0	183.0	82.0	96.0
4340153	0.0	0.0	0.0	0.0	11.0	32.0	0.0	0.0	0.0	0.0	0.0	0.0	0.0	0.0	0.0	0.0
258725	0.0	0.0	29.0	0.0	149.0	37.0	0.0	0.0	54.0	0.0	164.0	219.0	117.0	68.0	0.0	0.0
194518	0.0	0.0	33.0	903.0	931.0	152.0	0.0	0.0	0.0	0.0	28.0	0.0	0.0	0.0	0.0	0.0
194360	0.0	0.0	0.0	0.0	0.0	0.0	0.0	0.0	0.0	0.0	6.0	0.0	0.0	0.0	0.0	0.0
271811	0.0	0.0	0.0	0.0	0.0	0.0	0.0	0.0	0.0	0.0	0.0	531.0	173.0	0.0	0.0	0.0
273747	54.0	114.0	0.0	0.0	15.0	13.0	0.0	29.0	0.0	0.0	0.0	0.0	0.0	0.0	0.0	0.0
260547	0.0	0.0	0.0	0.0	0.0	0.0	0.0	0.0	0.0	0.0	36.0	0.0	0.0	0.0	0.0	0.0
259870	0.0	0.0	0.0	0.0	0.0	0.0	0.0	0.0	185.0	364.0	0.0	58.0	25.0	61.0	60.0	30.0
337784	44.0	71.0	14.0	11.0	14.0	16.0	16.0	42.0	12.0	28.0	19.0	30.0	13.0	17.0	14.0	6.0
309302	165.0	268.0	0.0	0.0	24.0	0.0	0.0	102.0	0.0	0.0	0.0	0.0	0.0	0.0	0.0	0.0
828435	35.0	30.0	146.0	20.0	29.0	116.0	49.0	32.0	52.0	0.0	185.0	21.0	101.0	102.0	0.0	0.0
170328	0.0	0.0	0.0	8.0	0.0	14.0	0.0	0.0	0.0	0.0	0.0	0.0	7.0	0.0	0.0	0.0
4383135	0.0	0.0	270.0	41.0	700.0	130.0	0.0	0.0	0.0	0.0	0.0	0.0	0.0	0.0	0.0	0.0
2315700	0.0	0.0	15.0	0.0	0.0	0.0	0.0	0.0	11.0	0.0	0.0	27.0	35.0	17.0	0.0	0.0
164967	0.0	0.0	0.0	0.0	0.0	0.0	0.0	0.0	0.0	0.0	541.0	50.0	878.0	6.0	0.0	0.0
262541	57.0	62.0	0.0	0.0	0.0	0.0	10.0	14.0	6.0	0.0	0.0	0.0	0.0	0.0	0.0	0.0
449353	0.0	0.0	59.0	43.0	39.0	0.0	0.0	0.0	0.0	0.0	0.0	0.0	0.0	0.0	0.0	0.0
170248	0.0	447.0	0.0	0.0	0.0	0.0	0.0	42.0	0.0	0.0	0.0	0.0	0.0	0.0	0.0	0.0
4373482	0.0	0.0	0.0	2.0	0.0	0.0	0.0	0.0	0.0	0.0	0.0	0.0	0.0	0.0	0.0	0.0
229455	0.0	0.0	13.0	0.0	0.0	0.0	0.0	0.0	0.0	0.0	0.0	0.0	0.0	0.0	0.0	0.0
260156	0.0	0.0	43.0	0.0	81.0	60.0	0.0	0.0	0.0	0.0	0.0	0.0	23.0	0.0	0.0	0.0
192209	1815.0	1744.0	0.0	0.0	138.0	0.0	761.0	1138.0	72.0	177.0	0.0	0.0	0.0	308.0	435.0	207.0
198701	219.0	126.0	34.0	21.0	16.0	29.0	26.0	56.0	55.0	74.0	94.0	33.0	45.0	64.0	23.0	24.0
275061	0.0	0.0	15.0	0.0	0.0	0.0	0.0	0.0	0.0	0.0	0.0	0.0	12.0	0.0	0.0	0.0
187790	146.0	0.0	72.0	40.0	111.0	80.0	12.0	18.0	69.0	49.0	105.0	101.0	103.0	78.0	0.0	26.0
261132	0.0	0.0	246.0	164.0	532.0	365.0	0.0	0.0	0.0	0.0	0.0	86.0	0.0	0.0	0.0	0.0
1108078	1135.0	122.0	70.0	18.0	63.0	31.0	267.0	459.0	54.0	79.0	78.0	0.0	34.0	42.0	19.0	52.0
267597	0.0	0.0	173.0	123.0	224.0	393.0	0.0	0.0	86.0	0.0	157.0	0.0	0.0	158.0	0.0	0.0
306914	0.0	0.0	92.0	127.0	210.0	150.0	0.0	0.0	0.0	0.0	92.0	190.0	74.0	41.0	0.0	0.0
175768	0.0	0.0	0.0	0.0	0.0	0.0	0.0	0.0	35.0	0.0	14.0	35.0	36.0	43.0	0.0	0.0
260859	0.0	0.0	0.0	7.0	0.0	0.0	0.0	0.0	0.0	0.0	0.0	0.0	0.0	0.0	0.0	0.0
277181	0.0	290.0	19.0	229.0	279.0	100.0	0.0	54.0	88.0	0.0	306.0	169.0	202.0	105.0	11.0	0.0
312269	0.0	0.0	0.0	0.0	69.0	70.0	0.0	0.0	0.0	0.0	75.0	46.0	32.0	0.0	0.0	0.0
261992	11.0	30.0	18.0	0.0	61.0	27.0	0.0	22.0	41.0	58.0	121.0	53.0	58.0	53.0	29.0	37.0
322215	30.0	0.0	0.0	0.0	0.0	0.0	0.0	0.0	0.0	0.0	0.0	0.0	0.0	0.0	0.0	0.0
826302	27.0	27.0	0.0	0.0	0.0	0.0	17.0	17.0	0.0	29.0	16.0	0.0	0.0	13.0	15.0	0.0
486195	0.0	0.0	2.0	0.0	0.0	0.0	0.0	0.0	0.0	0.0	0.0	0.0	0.0	0.0	0.0	0.0
317399	3982.0	2796.0	341.0	113.0	261.0	262.0	1421.0	1494.0	979.0	1743.0	220.0	0.0	581.0	1141.0	1302.0	1316.0
335330	0.0	0.0	0.0	0.0	0.0	0.0	0.0	0.0	17.0	0.0	46.0	19.0	0.0	40.0	0.0	0.0
211667	27.0	0.0	0.0	0.0	0.0	0.0	0.0	0.0	0.0	0.0	0.0	0.0	0.0	0.0	0.0	8.0
193359	0.0	0.0	0.0	0.0	0.0	0.0	0.0	0.0	0.0	9.0	0.0	0.0	0.0	0.0	0.0	0.0
268880	0.0	0.0	21.0	0.0	0.0	64.0	0.0	0.0	194.0	0.0	238.0	0.0	0.0	210.0	0.0	0.0
2120784	0.0	0.0	0.0	0.0	0.0	0.0	0.0	0.0	0.0	0.0	97.0	0.0	0.0	64.0	0.0	0.0
268220	0.0	0.0	442.0	0.0	147.0	130.0	0.0	0.0	0.0	0.0	21.0	743.0	289.0	0.0	0.0	0.0
275069	274.0	409.0	68.0	0.0	0.0	25.0	38.0	214.0	25.0	121.0	0.0	20.0	17.0	27.0	35.0	27.0
333049	0.0	0.0	32.0	30.0	0.0	24.0	0.0	0.0	0.0	0.0	0.0	17.0	12.0	26.0	0.0	0.0
269418	0.0	0.0	57.0	68.0	362.0	217.0	0.0	0.0	0.0	0.0	0.0	89.0	60.0	0.0	0.0	0.0
560906	0.0	0.0	61.0	0.0	0.0	0.0	0.0	0.0	0.0	0.0	0.0	0.0	0.0	0.0	0.0	0.0
317031	123.0	0.0	0.0	0.0	0.0	0.0	0.0	0.0	0.0	0.0	0.0	0.0	0.0	0.0	0.0	0.0
259912	149.0	141.0	0.0	0.0	0.0	0.0	0.0	61.0	0.0	0.0	0.0	0.0	0.0	0.0	0.0	14.0
839233	0.0	0.0	434.0	14.0	65.0	207.0	0.0	0.0	81.0	0.0	153.0	31.0	81.0	73.0	0.0	0.0
110016	19.0	15.0	0.0	0.0	0.0	0.0	37.0	24.0	0.0	6.0	12.0	0.0	0.0	0.0	0.0	0.0
197782	0.0	0.0	39.0	0.0	0.0	53.0	0.0	0.0	0.0	0.0	0.0	0.0	0.0	0.0	0.0	0.0
191656	257.0	714.0	73.0	34.0	181.0	162.0	55.0	303.0	123.0	383.0	60.0	145.0	131.0	147.0	137.0	110.0
833816	0.0	0.0	0.0	0.0	28.0	0.0	0.0	0.0	0.0	0.0	0.0	0.0	0.0	0.0	0.0	0.0
763985	0.0	0.0	0.0	0.0	0.0	0.0	0.0	0.0	27.0	0.0	0.0	161.0	43.0	0.0	0.0	0.0
245324	0.0	0.0	25.0	3.0	0.0	37.0	0.0	0.0	0.0	0.0	28.0	22.0	10.0	23.0	0.0	0.0
192475	22.0	0.0	46.0	0.0	0.0	66.0	0.0	0.0	343.0	532.0	83.0	0.0	0.0	113.0	47.0	0.0
273170	30.0	124.0	0.0	0.0	0.0	0.0	0.0	0.0	0.0	0.0	0.0	0.0	0.0	0.0	0.0	0.0
198398	1414.0	1719.0	110.0	0.0	186.0	132.0	212.0	906.0	305.0	896.0	64.0	142.0	80.0	208.0	182.0	301.0
665703	22.0	0.0	380.0	51.0	0.0	0.0	33.0	32.0	25.0	33.0	83.0	78.0	308.0	14.0	0.0	0.0
271317	0.0	0.0	0.0	0.0	0.0	0.0	0.0	0.0	0.0	0.0	98.0	0.0	0.0	116.0	0.0	0.0
637934	0.0	34.0	0.0	0.0	0.0	0.0	34.0	0.0	0.0	17.0	0.0	33.0	0.0	23.0	0.0	11.0
269161	0.0	0.0	0.0	43.0	0.0	29.0	0.0	0.0	0.0	0.0	0.0	0.0	0.0	0.0	0.0	0.0
697874	180.0	235.0	82.0	0.0	167.0	0.0	41.0	94.0	63.0	144.0	98.0	120.0	60.0	69.0	57.0	61.0
308042	2266.0	609.0	80.0	74.0	127.0	114.0	229.0	471.0	263.0	419.0	197.0	113.0	123.0	321.0	372.0	492.0
367433	0.0	0.0	21.0	0.0	0.0	0.0	0.0	0.0	0.0	0.0	0.0	0.0	0.0	0.0	0.0	0.0
191897	94.0	444.0	210.0	0.0	142.0	45.0	581.0	525.0	255.0	287.0	234.0	643.0	466.0	169.0	177.0	143.0
724472	60.0	25.0	33.0	13.0	16.0	29.0	13.0	17.0	53.0	81.0	31.0	0.0	0.0	47.0	36.0	22.0
646499	0.0	0.0	104.0	0.0	0.0	0.0	0.0	0.0	0.0	0.0	42.0	0.0	0.0	0.0	0.0	0.0
229088	0.0	0.0	0.0	0.0	0.0	0.0	0.0	0.0	0.0	0.0	41.0	0.0	0.0	0.0	0.0	0.0
259556	96.0	117.0	0.0	0.0	0.0	48.0	30.0	93.0	0.0	51.0	0.0	0.0	0.0	20.0	23.0	33.0
193829	0.0	4.0	14.0	11.0	0.0	26.0	25198.0	6101.0	11.0	45215.0	17.0	10.0	4.0	15115.0	18730.0	56580.0
175193	350.0	1131.0	183.0	112.0	127.0	84.0	0.0	164.0	200.0	81.0	309.0	530.0	368.0	241.0	78.0	21.0
190490	0.0	0.0	98.0	100.0	97.0	174.0	0.0	0.0	57.0	0.0	592.0	607.0	429.0	85.0	0.0	0.0
1107799	0.0	0.0	0.0	61.0	0.0	0.0	0.0	0.0	57.0	0.0	82.0	0.0	0.0	64.0	0.0	0.0
268487	118.0	121.0	20.0	29.0	0.0	0.0	86.0	72.0	0.0	53.0	43.0	0.0	0.0	0.0	0.0	0.0
265730	451.0	389.0	0.0	0.0	0.0	0.0	102.0	188.0	41.0	137.0	0.0	0.0	0.0	50.0	73.0	49.0
3319464	0.0	0.0	0.0	0.0	10.0	0.0	0.0	0.0	0.0	13.0	0.0	0.0	0.0	0.0	0.0	0.0
1106006	0.0	0.0	0.0	0.0	0.0	33.0	0.0	0.0	0.0	0.0	0.0	0.0	0.0	0.0	0.0	0.0
191616	359.0	179.0	0.0	68.0	218.0	143.0	25.0	41.0	0.0	58.0	33.0	0.0	0.0	40.0	0.0	0.0
2901240	0.0	0.0	0.0	0.0	0.0	0.0	0.0	0.0	0.0	0.0	0.0	408.0	198.0	0.0	0.0	0.0
330279	0.0	0.0	0.0	0.0	0.0	0.0	0.0	0.0	0.0	26.0	0.0	0.0	0.0	0.0	0.0	0.0
271706	637.0	0.0	52.0	231.0	416.0	67.0	417.0	303.0	61.0	480.0	0.0	0.0	0.0	89.0	120.0	726.0
274697	0.0	0.0	0.0	779.0	294.0	2339.0	0.0	0.0	0.0	0.0	0.0	1776.0	1554.0	0.0	0.0	0.0
555945	0.0	0.0	0.0	0.0	0.0	0.0	27.0	0.0	0.0	0.0	0.0	0.0	0.0	0.0	0.0	0.0
233817	460.0	562.0	112.0	0.0	110.0	114.0	303.0	477.0	151.0	960.0	0.0	0.0	0.0	150.0	187.0	315.0
309441	0.0	0.0	71.0	0.0	0.0	18.0	0.0	0.0	0.0	0.0	0.0	116.0	0.0	0.0	0.0	0.0
309720	0.0	17.0	0.0	0.0	13.0	0.0	23.0	23.0	0.0	25.0	0.0	0.0	0.0	0.0	0.0	8.0
338926	0.0	0.0	91.0	45.0	79.0	50.0	0.0	0.0	44.0	0.0	148.0	130.0	225.0	73.0	0.0	0.0
534926	0.0	0.0	122.0	28.0	115.0	404.0	0.0	0.0	25.0	0.0	125.0	92.0	113.0	41.0	0.0	0.0
1991255	0.0	0.0	0.0	0.0	0.0	0.0	0.0	0.0	0.0	0.0	49.0	49.0	33.0	13.0	0.0	0.0
462727	0.0	0.0	282.0	123.0	0.0	0.0	0.0	0.0	1985.0	0.0	1138.0	2301.0	92.0	733.0	0.0	0.0
532336	0.0	0.0	2.0	0.0	0.0	0.0	0.0	0.0	0.0	0.0	0.0	0.0	0.0	0.0	0.0	0.0
1107759	0.0	0.0	0.0	0.0	0.0	0.0	0.0	0.0	75.0	0.0	261.0	0.0	0.0	61.0	0.0	0.0
315256	3170.0	3002.0	111.0	515.0	1361.0	367.0	1269.0	1779.0	299.0	993.0	31.0	2457.0	1278.0	843.0	1086.0	736.0
1109539	0.0	0.0	16.0	0.0	15.0	0.0	0.0	0.0	0.0	0.0	24.0	55.0	45.0	0.0	0.0	0.0
163997	0.0	0.0	41.0	89.0	52.0	105.0	0.0	0.0	181.0	0.0	458.0	0.0	182.0	238.0	0.0	0.0
266411	0.0	0.0	162.0	57.0	120.0	121.0	0.0	0.0	29.0	0.0	76.0	220.0	112.0	0.0	0.0	0.0
197331	153.0	114.0	39.0	30.0	39.0	34.0	28.0	54.0	22.0	47.0	39.0	0.0	42.0	35.0	28.0	20.0
272953	0.0	0.0	0.0	0.0	24.0	23.0	0.0	0.0	0.0	0.0	18.0	27.0	25.0	0.0	0.0	0.0
4432234	159.0	273.0	57.0	0.0	115.0	21.0	61.0	124.0	0.0	38.0	7.0	127.0	77.0	16.0	12.0	0.0
194597	0.0	0.0	32.0	0.0	0.0	29.0	0.0	0.0	18.0	0.0	39.0	67.0	103.0	0.0	0.0	0.0
265063	107.0	405.0	0.0	0.0	0.0	0.0	0.0	0.0	0.0	0.0	0.0	0.0	0.0	0.0	0.0	0.0
352192	0.0	35.0	0.0	0.0	0.0	0.0	52.0	97.0	27.0	36.0	180.0	0.0	0.0	0.0	0.0	101.0
321086	0.0	0.0	91.0	176.0	1759.0	826.0	0.0	0.0	0.0	0.0	55.0	0.0	1086.0	28.0	0.0	0.0
4444771	0.0	0.0	32.0	0.0	0.0	0.0	0.0	0.0	15.0	0.0	48.0	0.0	0.0	17.0	0.0	0.0
275180	43.0	46.0	0.0	0.0	0.0	0.0	23.0	38.0	0.0	0.0	0.0	0.0	0.0	0.0	0.0	0.0
157121	0.0	0.0	0.0	0.0	120.0	0.0	0.0	0.0	28.0	66.0	0.0	0.0	0.0	0.0	0.0	69.0
260456	0.0	0.0	0.0	31.0	0.0	52.0	0.0	0.0	0.0	0.0	0.0	0.0	0.0	0.0	0.0	0.0
365536	0.0	0.0	0.0	0.0	0.0	0.0	11.0	0.0	0.0	0.0	0.0	0.0	0.0	0.0	0.0	0.0
181849	0.0	17.0	0.0	0.0	0.0	0.0	0.0	20.0	0.0	0.0	0.0	0.0	0.0	0.0	0.0	0.0
332865	211.0	332.0	70.0	21.0	51.0	29.0	40.0	166.0	27.0	26.0	45.0	0.0	17.0	55.0	17.0	10.0
2808641	0.0	0.0	9.0	60.0	129.0	26.0	0.0	0.0	0.0	0.0	0.0	0.0	0.0	0.0	0.0	0.0
1108356	0.0	0.0	0.0	0.0	15.0	0.0	0.0	0.0	0.0	0.0	0.0	0.0	0.0	0.0	0.0	0.0
261063	0.0	0.0	61.0	47.0	28.0	42.0	0.0	0.0	17.0	0.0	68.0	52.0	96.0	73.0	0.0	0.0
357529	0.0	0.0	0.0	0.0	0.0	0.0	0.0	0.0	0.0	0.0	15.0	0.0	0.0	0.0	0.0	0.0
275218	0.0	0.0	47.0	15.0	17.0	0.0	0.0	0.0	0.0	0.0	79.0	46.0	29.0	0.0	0.0	0.0
340794	0.0	0.0	656.0	40.0	181.0	237.0	0.0	0.0	299.0	0.0	332.0	951.0	380.0	306.0	0.0	0.0
176836	0.0	0.0	646.0	188.0	498.0	341.0	0.0	0.0	166.0	0.0	401.0	48.0	0.0	158.0	0.0	0.0
631564	0.0	0.0	69.0	0.0	221.0	0.0	0.0	0.0	0.0	0.0	0.0	0.0	0.0	0.0	0.0	0.0
195840	0.0	0.0	0.0	0.0	0.0	0.0	0.0	0.0	0.0	0.0	0.0	86.0	52.0	0.0	0.0	0.0
732285	0.0	0.0	0.0	19.0	56.0	67.0	0.0	0.0	0.0	0.0	0.0	0.0	0.0	0.0	0.0	0.0
827195	0.0	0.0	0.0	355.0	31.0	166.0	0.0	0.0	0.0	0.0	0.0	0.0	0.0	0.0	0.0	0.0
194340	0.0	0.0	0.0	0.0	0.0	0.0	0.0	0.0	0.0	31.0	102.0	69.0	36.0	49.0	49.0	0.0
270759	84.0	22.0	0.0	11.0	0.0	0.0	0.0	0.0	0.0	13.0	0.0	0.0	0.0	0.0	0.0	0.0
268865	0.0	0.0	0.0	0.0	33.0	0.0	0.0	0.0	0.0	0.0	33.0	0.0	0.0	0.0	0.0	0.0
261419	387.0	166.0	91.0	0.0	50.0	0.0	79.0	100.0	49.0	120.0	35.0	28.0	44.0	35.0	0.0	27.0
331013	43.0	36.0	0.0	0.0	0.0	0.0	0.0	26.0	0.0	0.0	0.0	0.0	0.0	0.0	0.0	0.0
267958	0.0	0.0	0.0	39.0	0.0	0.0	0.0	0.0	0.0	0.0	0.0	64.0	45.0	0.0	0.0	0.0
264536	0.0	0.0	213.0	108.0	67.0	195.0	0.0	0.0	38.0	0.0	196.0	146.0	85.0	82.0	0.0	0.0
270571	0.0	0.0	0.0	0.0	34.0	0.0	0.0	0.0	0.0	0.0	0.0	0.0	0.0	0.0	0.0	0.0
214919	0.0	0.0	1737.0	2666.0	727.0	170.0	622.0	29.0	14.0	2195.0	0.0	0.0	0.0	1957.0	2232.0	14404.0
312145	0.0	0.0	0.0	0.0	0.0	0.0	0.0	0.0	0.0	0.0	0.0	0.0	9.0	0.0	0.0	0.0
259382	223.0	224.0	8.0	0.0	21.0	16.0	39.0	63.0	32.0	38.0	8.0	0.0	10.0	26.0	41.0	29.0
1107439	0.0	0.0	0.0	1330.0	1566.0	1838.0	0.0	0.0	119.0	0.0	172.0	0.0	0.0	172.0	0.0	0.0
329399	0.0	0.0	0.0	0.0	0.0	0.0	0.0	0.0	0.0	0.0	0.0	31.0	14.0	0.0	0.0	0.0
1104817	0.0	0.0	0.0	0.0	0.0	0.0	0.0	0.0	0.0	0.0	0.0	73.0	0.0	0.0	0.0	0.0
264009	96.0	340.0	69.0	108.0	10.0	208.0	48.0	83.0	46.0	111.0	168.0	280.0	85.0	70.0	71.0	36.0
261064	0.0	0.0	0.0	154.0	163.0	0.0	0.0	0.0	0.0	0.0	58.0	0.0	104.0	0.0	0.0	0.0
317633	0.0	0.0	142.0	114.0	302.0	202.0	0.0	0.0	79.0	0.0	141.0	152.0	180.0	154.0	0.0	0.0
827376	0.0	0.0	0.0	26.0	0.0	31.0	0.0	0.0	0.0	0.0	73.0	82.0	114.0	0.0	0.0	0.0
272060	0.0	0.0	1504.0	834.0	369.0	312.0	0.0	0.0	393.0	0.0	1354.0	2672.0	1996.0	935.0	0.0	0.0
276478	0.0	0.0	0.0	0.0	0.0	0.0	0.0	11.0	0.0	0.0	0.0	0.0	0.0	0.0	0.0	0.0
346275	0.0	0.0	30.0	74.0	115.0	36.0	0.0	0.0	39.0	0.0	0.0	78.0	60.0	57.0	0.0	0.0
307608	0.0	0.0	24.0	0.0	0.0	0.0	0.0	0.0	0.0	0.0	48.0	51.0	0.0	0.0	0.0	0.0
4433554	0.0	0.0	26.0	105.0	317.0	0.0	0.0	0.0	0.0	0.0	0.0	0.0	0.0	0.0	0.0	0.0
199532	64.0	0.0	0.0	0.0	0.0	0.0	0.0	0.0	1808.0	0.0	2210.0	0.0	190.0	1686.0	0.0	65.0
1105328	46.0	48.0	0.0	0.0	13.0	34.0	18.0	42.0	0.0	42.0	0.0	0.0	16.0	0.0	9.0	13.0
266595	0.0	0.0	0.0	0.0	0.0	0.0	0.0	0.0	0.0	0.0	0.0	0.0	15.0	0.0	0.0	0.0
331697	12.0	0.0	0.0	0.0	8.0	0.0	46.0	23.0	0.0	0.0	0.0	0.0	0.0	4.0	0.0	0.0
2985051	0.0	0.0	0.0	0.0	0.0	0.0	2.0	0.0	0.0	0.0	0.0	0.0	0.0	0.0	0.0	0.0
113909	20.0	0.0	0.0	0.0	0.0	0.0	0.0	0.0	0.0	0.0	0.0	0.0	0.0	0.0	0.0	0.0
340853	0.0	0.0	77.0	0.0	0.0	51.0	0.0	0.0	0.0	0.0	0.0	0.0	0.0	0.0	0.0	0.0
196491	1687.0	851.0	0.0	0.0	119.0	0.0	440.0	610.0	421.0	790.0	154.0	0.0	0.0	349.0	359.0	560.0
342504	0.0	0.0	50.0	0.0	0.0	65.0	0.0	0.0	0.0	0.0	54.0	90.0	41.0	0.0	0.0	0.0
586453	0.0	0.0	0.0	0.0	0.0	0.0	0.0	0.0	18.0	40.0	0.0	0.0	0.0	15.0	18.0	36.0
2154095	0.0	0.0	0.0	135.0	0.0	68.0	0.0	0.0	0.0	0.0	0.0	0.0	0.0	0.0	0.0	0.0
835456	11.0	0.0	0.0	0.0	0.0	0.0	81.0	52.0	0.0	15.0	0.0	0.0	0.0	18.0	20.0	0.0
1571092	0.0	0.0	0.0	0.0	0.0	0.0	0.0	0.0	264.0	525.0	353.0	289.0	94.0	328.0	370.0	774.0
165430	0.0	0.0	109.0	40.0	0.0	73.0	0.0	0.0	101.0	0.0	444.0	209.0	498.0	284.0	0.0	0.0
175922	0.0	0.0	0.0	0.0	0.0	0.0	0.0	0.0	9.0	20.0	0.0	0.0	0.0	0.0	14.0	12.0
231028	0.0	0.0	74.0	0.0	244.0	108.0	0.0	0.0	0.0	0.0	0.0	0.0	0.0	0.0	0.0	0.0
326055	0.0	0.0	212.0	61.0	92.0	126.0	0.0	0.0	0.0	0.0	126.0	100.0	34.0	73.0	0.0	0.0
259275	321.0	365.0	90.0	95.0	201.0	182.0	44.0	216.0	142.0	95.0	258.0	169.0	245.0	173.0	37.0	0.0
181349	0.0	62.0	0.0	0.0	0.0	0.0	0.0	0.0	0.0	0.0	0.0	0.0	0.0	0.0	80.0	0.0
269828	172.0	184.0	0.0	0.0	0.0	0.0	0.0	83.0	36.0	93.0	0.0	123.0	56.0	0.0	28.0	30.0
327284	0.0	0.0	0.0	0.0	0.0	0.0	0.0	0.0	0.0	0.0	0.0	0.0	6.0	0.0	0.0	0.0
683621	0.0	0.0	0.0	0.0	0.0	0.0	0.0	0.0	0.0	0.0	0.0	0.0	9.0	0.0	0.0	0.0
541354	0.0	0.0	41.0	0.0	0.0	0.0	0.0	0.0	0.0	0.0	0.0	0.0	0.0	0.0	0.0	0.0
610842	0.0	0.0	0.0	0.0	0.0	0.0	0.0	0.0	44.0	51.0	15.0	0.0	0.0	23.0	0.0	6.0
197706	21.0	38.0	16.0	18.0	0.0	0.0	0.0	13.0	0.0	0.0	0.0	35.0	17.0	16.0	0.0	0.0
97286	0.0	0.0	0.0	0.0	0.0	50.0	0.0	0.0	0.0	0.0	0.0	0.0	0.0	0.0	0.0	0.0
185989	7442.0	2133.0	0.0	0.0	503.0	0.0	1193.0	1285.0	797.0	1837.0	0.0	0.0	0.0	406.0	480.0	607.0
2883968	468.0	348.0	197.0	0.0	196.0	120.0	345.0	148.0	0.0	165.0	151.0	98.0	252.0	103.0	118.0	130.0
355630	0.0	0.0	421.0	238.0	231.0	264.0	0.0	0.0	134.0	0.0	513.0	0.0	0.0	93.0	0.0	0.0
276674	0.0	0.0	19.0	26.0	27.0	36.0	0.0	0.0	0.0	0.0	10.0	19.0	28.0	0.0	0.0	0.0
269070	0.0	0.0	0.0	0.0	13.0	0.0	0.0	0.0	0.0	0.0	0.0	0.0	0.0	0.0	0.0	0.0
262416	0.0	0.0	31.0	0.0	0.0	0.0	0.0	0.0	0.0	0.0	41.0	73.0	106.0	0.0	0.0	0.0
263933	0.0	662.0	0.0	0.0	0.0	0.0	887.0	930.0	26.0	971.0	230.0	0.0	0.0	77.0	87.0	374.0
259511	27.0	112.0	0.0	0.0	0.0	0.0	0.0	36.0	0.0	0.0	0.0	0.0	0.0	0.0	0.0	0.0
271689	108.0	94.0	0.0	0.0	66.0	0.0	0.0	0.0	34.0	55.0	103.0	140.0	127.0	0.0	0.0	33.0
2286580	0.0	0.0	17.0	10.0	0.0	20.0	0.0	0.0	0.0	0.0	22.0	53.0	17.0	0.0	0.0	0.0
177621	827.0	624.0	744.0	50.0	129.0	108.0	132.0	152.0	254.0	437.0	165.0	48.0	285.0	131.0	97.0	51.0
364029	39.0	0.0	31.0	24.0	0.0	18.0	45.0	24.0	0.0	21.0	38.0	0.0	0.0	0.0	21.0	42.0
1857626	0.0	0.0	540.0	27.0	0.0	33.0	0.0	0.0	0.0	0.0	0.0	0.0	112.0	0.0	0.0	0.0
353782	0.0	0.0	0.0	0.0	15.0	0.0	0.0	0.0	0.0	0.0	0.0	0.0	0.0	0.0	0.0	0.0
342429	535.0	183.0	0.0	0.0	0.0	0.0	77.0	83.0	71.0	167.0	0.0	0.0	0.0	88.0	77.0	122.0
827689	0.0	0.0	0.0	24.0	61.0	53.0	0.0	0.0	0.0	0.0	37.0	61.0	33.0	0.0	0.0	0.0
260529	0.0	0.0	0.0	0.0	0.0	26.0	0.0	0.0	0.0	0.0	0.0	0.0	0.0	0.0	0.0	0.0
272762	0.0	0.0	0.0	0.0	0.0	38.0	0.0	0.0	0.0	0.0	0.0	0.0	0.0	0.0	0.0	0.0
195885	0.0	0.0	33.0	14.0	21.0	0.0	0.0	0.0	103.0	0.0	205.0	155.0	125.0	66.0	0.0	0.0
276761	0.0	0.0	278.0	69.0	32.0	141.0	0.0	0.0	46.0	0.0	199.0	177.0	163.0	61.0	0.0	0.0
197624	0.0	0.0	0.0	0.0	123.0	102.0	0.0	0.0	0.0	0.0	126.0	231.0	133.0	62.0	0.0	0.0
274857	0.0	0.0	0.0	0.0	0.0	0.0	0.0	0.0	0.0	0.0	52.0	0.0	0.0	35.0	0.0	0.0
295075	0.0	0.0	67.0	25.0	53.0	52.0	0.0	0.0	0.0	0.0	71.0	177.0	98.0	33.0	0.0	0.0
267536	0.0	0.0	0.0	0.0	0.0	0.0	0.0	0.0	0.0	0.0	9.0	0.0	4.0	0.0	0.0	0.0
268720	0.0	0.0	0.0	0.0	0.0	0.0	0.0	0.0	17.0	0.0	137.0	50.0	74.0	45.0	0.0	0.0
513685	0.0	0.0	18.0	0.0	0.0	0.0	0.0	0.0	0.0	0.0	0.0	0.0	0.0	0.0	0.0	0.0
263704	50.0	48.0	90.0	38.0	81.0	65.0	48.0	55.0	0.0	67.0	0.0	0.0	0.0	0.0	42.0	0.0
173218	0.0	0.0	0.0	0.0	0.0	0.0	0.0	0.0	0.0	0.0	0.0	82.0	58.0	0.0	0.0	0.0
374503	0.0	0.0	0.0	0.0	0.0	0.0	0.0	0.0	0.0	0.0	116.0	134.0	171.0	18.0	0.0	0.0
999814	0.0	0.0	0.0	0.0	0.0	0.0	0.0	0.0	78.0	40.0	0.0	51.0	0.0	77.0	0.0	0.0
1844553	0.0	0.0	15.0	15.0	54.0	46.0	0.0	0.0	0.0	0.0	31.0	33.0	28.0	17.0	0.0	0.0
327486	0.0	0.0	0.0	262.0	878.0	338.0	0.0	0.0	0.0	0.0	0.0	7.0	217.0	0.0	0.0	0.0
174854	0.0	0.0	0.0	0.0	0.0	0.0	0.0	0.0	122.0	0.0	416.0	119.0	149.0	109.0	0.0	0.0
4402077	0.0	0.0	454.0	10.0	0.0	0.0	0.0	0.0	172.0	0.0	421.0	56.0	45.0	456.0	0.0	0.0
2797565	19.0	19.0	0.0	0.0	0.0	19.0	0.0	23.0	0.0	0.0	0.0	0.0	0.0	0.0	0.0	0.0
324522	53.0	53.0	0.0	0.0	0.0	0.0	14.0	23.0	0.0	74.0	0.0	0.0	0.0	0.0	28.0	34.0
3176547	0.0	95.0	542.0	86.0	126.0	415.0	49.0	68.0	384.0	182.0	812.0	213.0	74.0	304.0	213.0	148.0
851865	0.0	0.0	0.0	0.0	0.0	0.0	0.0	15.0	0.0	22.0	18.0	0.0	0.0	0.0	0.0	0.0
275397	3543.0	4471.0	0.0	1098.0	645.0	135.0	1283.0	2828.0	0.0	0.0	0.0	0.0	0.0	0.0	0.0	0.0
761408	0.0	0.0	0.0	0.0	0.0	35.0	0.0	0.0	0.0	0.0	0.0	0.0	0.0	0.0	0.0	0.0
195154	0.0	0.0	0.0	0.0	9.0	0.0	0.0	0.0	0.0	0.0	0.0	0.0	0.0	0.0	0.0	0.0
318563	142.0	159.0	0.0	0.0	0.0	0.0	26.0	56.0	33.0	76.0	23.0	33.0	0.0	31.0	27.0	18.0
276260	11.0	9.0	0.0	0.0	0.0	19.0	9.0	0.0	12.0	16.0	17.0	0.0	11.0	16.0	18.0	20.0
259290	0.0	0.0	46.0	0.0	46.0	127.0	0.0	0.0	0.0	0.0	0.0	0.0	0.0	0.0	0.0	0.0
270039	0.0	0.0	110.0	55.0	49.0	71.0	0.0	0.0	51.0	0.0	248.0	42.0	62.0	151.0	0.0	0.0
650615	0.0	0.0	0.0	0.0	0.0	0.0	0.0	0.0	109.0	0.0	5.0	86.0	10.0	189.0	0.0	0.0
334701	0.0	0.0	26.0	0.0	0.0	0.0	0.0	0.0	25.0	0.0	87.0	13.0	64.0	10.0	0.0	0.0
259846	1986.0	394.0	321.0	0.0	85.0	149.0	163.0	312.0	86.0	250.0	0.0	0.0	0.0	58.0	61.0	80.0
4343981	24.0	38.0	46.0	46.0	0.0	47.0	106.0	67.0	12.0	71.0	0.0	0.0	0.0	0.0	16.0	18.0
1918929	30.0	0.0	2.0	0.0	11.0	24.0	0.0	0.0	0.0	0.0	0.0	21.0	5.0	5.0	7.0	52.0
174071	1205.0	613.0	0.0	31.0	82.0	0.0	180.0	370.0	139.0	545.0	0.0	0.0	0.0	78.0	103.0	215.0
275707	0.0	0.0	351.0	53.0	0.0	366.0	0.0	0.0	17.0	0.0	26.0	1001.0	958.0	29.0	0.0	0.0
165845	0.0	0.0	121.0	210.0	189.0	137.0	0.0	0.0	0.0	0.0	20.0	0.0	0.0	0.0	0.0	0.0
839215	0.0	0.0	53.0	0.0	35.0	0.0	0.0	0.0	33.0	0.0	942.0	26.0	0.0	100.0	0.0	0.0
193509	0.0	0.0	0.0	0.0	43.0	41.0	0.0	0.0	0.0	0.0	33.0	46.0	41.0	0.0	0.0	0.0
319909	0.0	0.0	147.0	38.0	83.0	105.0	0.0	0.0	0.0	0.0	0.0	0.0	0.0	8.0	0.0	0.0
335846	0.0	0.0	0.0	0.0	0.0	0.0	0.0	0.0	0.0	0.0	0.0	0.0	70.0	0.0	0.0	0.0
265011	60.0	26.0	0.0	0.0	0.0	0.0	13.0	0.0	12.0	22.0	0.0	0.0	0.0	0.0	0.0	0.0
229459	0.0	0.0	0.0	11.0	0.0	0.0	0.0	0.0	0.0	0.0	0.0	0.0	0.0	0.0	0.0	0.0
331747	0.0	0.0	0.0	0.0	0.0	0.0	184.0	144.0	42.0	109.0	0.0	0.0	0.0	0.0	0.0	43.0
4256470	0.0	0.0	0.0	0.0	0.0	0.0	0.0	20.0	0.0	0.0	0.0	0.0	0.0	0.0	0.0	0.0
268124	0.0	0.0	147.0	0.0	0.0	56.0	0.0	0.0	0.0	0.0	101.0	353.0	310.0	28.0	0.0	0.0
262957	0.0	0.0	37.0	39.0	0.0	0.0	0.0	0.0	80.0	0.0	158.0	175.0	90.0	162.0	0.0	0.0
265052	0.0	0.0	0.0	0.0	0.0	0.0	0.0	0.0	0.0	5.0	0.0	0.0	0.0	0.0	0.0	0.0
261606	0.0	0.0	0.0	0.0	11.0	0.0	0.0	0.0	0.0	0.0	0.0	0.0	0.0	0.0	0.0	0.0
4364243	0.0	0.0	0.0	0.0	0.0	0.0	0.0	0.0	56.0	0.0	154.0	123.0	89.0	48.0	0.0	0.0
261265	204.0	187.0	978.0	192.0	459.0	721.0	127.0	143.0	233.0	160.0	376.0	263.0	649.0	370.0	20.0	62.0
3016478	0.0	0.0	255.0	53.0	45.0	54.0	0.0	0.0	23.0	0.0	163.0	148.0	106.0	33.0	0.0	0.0
276149	19321.0	14397.0	66223.0	11480.0	23239.0	23659.0	35820.0	36974.0	27265.0	31524.0	69293.0	77506.0	62731.0	33352.0	20050.0	33444.0
330296	129.0	59.0	0.0	0.0	0.0	0.0	115.0	142.0	139.0	257.0	0.0	0.0	0.0	0.0	0.0	48.0
197600	451.0	304.0	162.0	57.0	77.0	62.0	62.0	199.0	100.0	313.0	39.0	120.0	82.0	106.0	152.0	108.0
738739	0.0	0.0	0.0	0.0	0.0	0.0	0.0	0.0	437.0	0.0	232.0	0.0	333.0	388.0	0.0	0.0
230268	0.0	0.0	47.0	0.0	29.0	36.0	0.0	0.0	0.0	0.0	0.0	92.0	68.0	0.0	0.0	0.0
191583	24.0	75.0	0.0	39.0	0.0	44.0	0.0	54.0	58.0	96.0	67.0	0.0	0.0	62.0	36.0	44.0
261161	0.0	0.0	314.0	211.0	0.0	0.0	0.0	0.0	0.0	0.0	0.0	0.0	0.0	0.0	0.0	0.0
271602	0.0	0.0	0.0	0.0	48.0	0.0	0.0	0.0	0.0	0.0	51.0	0.0	26.0	0.0	0.0	0.0
275895	4579.0	5541.0	0.0	502.0	423.0	68.0	1736.0	3770.0	0.0	0.0	0.0	0.0	0.0	0.0	0.0	0.0
287179	0.0	0.0	0.0	0.0	0.0	0.0	0.0	0.0	0.0	0.0	0.0	4.0	0.0	0.0	0.0	0.0
161993	0.0	0.0	58.0	0.0	0.0	0.0	0.0	0.0	0.0	0.0	0.0	0.0	0.0	0.0	0.0	0.0
199233	0.0	0.0	0.0	0.0	25.0	0.0	0.0	0.0	682.0	0.0	1728.0	0.0	2132.0	527.0	0.0	0.0
826624	0.0	0.0	30.0	0.0	0.0	0.0	0.0	0.0	76.0	0.0	44.0	0.0	0.0	109.0	0.0	0.0
262119	130.0	254.0	73.0	46.0	148.0	96.0	21.0	42.0	46.0	0.0	150.0	204.0	189.0	63.0	0.0	0.0
185294	0.0	0.0	0.0	0.0	0.0	77.0	0.0	0.0	56.0	0.0	153.0	120.0	135.0	112.0	0.0	0.0
181368	108.0	128.0	266.0	0.0	0.0	0.0	0.0	32.0	22.0	24.0	0.0	82.0	42.0	45.0	26.0	10.0
182984	0.0	0.0	0.0	18.0	33.0	39.0	0.0	0.0	0.0	0.0	0.0	0.0	0.0	0.0	0.0	0.0
661055	334.0	32.0	905.0	22.0	48.0	88.0	106.0	91.0	190.0	62.0	56.0	1180.0	371.0	191.0	26.0	14.0
97000	0.0	0.0	0.0	15.0	0.0	48.0	0.0	0.0	61.0	0.0	0.0	0.0	28.0	37.0	0.0	0.0
976470	0.0	0.0	83.0	0.0	0.0	0.0	0.0	0.0	0.0	0.0	69.0	179.0	182.0	25.0	0.0	0.0
332885	0.0	0.0	0.0	0.0	0.0	0.0	0.0	0.0	0.0	0.0	0.0	0.0	19.0	0.0	0.0	0.0
265524	0.0	0.0	5075.0	48.0	62.0	44.0	0.0	0.0	173.0	0.0	63.0	0.0	0.0	132.0	0.0	0.0
307170	0.0	0.0	0.0	0.0	0.0	0.0	0.0	0.0	0.0	0.0	0.0	0.0	19.0	24.0	0.0	0.0
277104	263.0	9434.0	0.0	118.0	0.0	546.0	468.0	1176.0	1158.0	3282.0	173.0	786.0	1361.0	616.0	774.0	1029.0
272749	0.0	0.0	0.0	28.0	60.0	0.0	0.0	0.0	22.0	0.0	78.0	47.0	39.0	15.0	0.0	0.0
180869	0.0	0.0	10.0	0.0	0.0	26.0	0.0	0.0	0.0	0.0	24.0	13.0	13.0	4.0	0.0	0.0
173245	0.0	0.0	106.0	38.0	0.0	0.0	0.0	0.0	0.0	0.0	141.0	372.0	236.0	35.0	0.0	0.0
261373	0.0	0.0	0.0	0.0	0.0	0.0	0.0	0.0	101.0	0.0	111.0	0.0	0.0	0.0	0.0	0.0
189476	0.0	0.0	0.0	33.0	0.0	49.0	0.0	0.0	0.0	0.0	32.0	0.0	0.0	0.0	0.0	0.0
320224	0.0	0.0	0.0	0.0	0.0	0.0	0.0	0.0	32.0	0.0	61.0	0.0	0.0	47.0	0.0	0.0
4348151	0.0	0.0	0.0	0.0	0.0	17.0	0.0	0.0	0.0	0.0	0.0	0.0	0.0	0.0	0.0	0.0
264823	7733.0	5469.0	0.0	0.0	264.0	0.0	1676.0	3122.0	742.0	4070.0	0.0	0.0	0.0	1113.0	1549.0	1519.0
318370	214.0	124.0	158.0	127.0	277.0	223.0	52.0	75.0	63.0	82.0	56.0	109.0	56.0	40.0	34.0	70.0
195476	0.0	0.0	40.0	37.0	46.0	85.0	0.0	0.0	17.0	19.0	24.0	62.0	14.0	0.0	0.0	0.0
825939	278.0	0.0	232.0	128.0	61.0	0.0	125.0	117.0	97.0	232.0	0.0	216.0	66.0	171.0	179.0	23.0
611931	0.0	0.0	150.0	10.0	0.0	0.0	4.0	0.0	13.0	0.0	9.0	0.0	21.0	18.0	0.0	0.0
4365109	0.0	0.0	0.0	512.0	0.0	312.0	0.0	0.0	0.0	0.0	0.0	0.0	0.0	0.0	0.0	0.0
183812	1135.0	843.0	70.0	0.0	85.0	20.0	389.0	460.0	113.0	285.0	0.0	45.0	23.0	37.0	0.0	68.0
267514	0.0	0.0	20.0	15.0	28.0	0.0	0.0	0.0	11.0	0.0	33.0	20.0	25.0	0.0	0.0	0.0
258232	313.0	276.0	85.0	27.0	53.0	21.0	103.0	165.0	105.0	120.0	308.0	194.0	172.0	171.0	44.0	54.0
189147	592.0	619.0	99.0	54.0	155.0	81.0	332.0	682.0	128.0	505.0	0.0	241.0	204.0	136.0	170.0	276.0
287879	0.0	0.0	117.0	0.0	55.0	51.0	0.0	0.0	0.0	0.0	0.0	0.0	0.0	0.0	0.0	0.0
335408	0.0	0.0	31.0	0.0	0.0	0.0	0.0	0.0	0.0	0.0	0.0	0.0	0.0	0.0	0.0	0.0
4347159	8.0	0.0	0.0	0.0	0.0	0.0	0.0	0.0	0.0	0.0	0.0	0.0	0.0	0.0	4.0	5.0
196533	1035.0	590.0	0.0	0.0	38.0	0.0	274.0	405.0	85.0	369.0	0.0	0.0	0.0	79.0	118.0	93.0
336012	0.0	0.0	0.0	0.0	0.0	0.0	0.0	24.0	0.0	0.0	0.0	0.0	0.0	0.0	0.0	0.0
4476330	102.0	141.0	0.0	0.0	0.0	0.0	80.0	96.0	103.0	71.0	153.0	170.0	241.0	124.0	0.0	65.0
307416	416.0	521.0	0.0	0.0	47.0	0.0	192.0	300.0	74.0	500.0	0.0	0.0	0.0	57.0	67.0	213.0
307640	0.0	0.0	0.0	17.0	32.0	0.0	0.0	0.0	0.0	0.0	0.0	0.0	0.0	13.0	0.0	0.0
4432841	0.0	0.0	1195.0	106.0	0.0	0.0	0.0	0.0	0.0	0.0	0.0	0.0	0.0	0.0	0.0	0.0
266198	0.0	0.0	28.0	0.0	0.0	0.0	0.0	0.0	0.0	0.0	0.0	0.0	0.0	0.0	0.0	0.0
331782	225.0	165.0	0.0	0.0	0.0	0.0	0.0	0.0	0.0	131.0	0.0	57.0	0.0	51.0	58.0	61.0
830014	281.0	351.0	97.0	51.0	72.0	65.0	0.0	78.0	67.0	204.0	84.0	58.0	27.0	61.0	0.0	0.0
168326	0.0	0.0	0.0	0.0	58.0	225.0	0.0	0.0	1101.0	206.0	228.0	1364.0	328.0	1527.0	0.0	0.0
263252	0.0	0.0	67.0	0.0	0.0	0.0	0.0	0.0	33.0	0.0	86.0	43.0	95.0	18.0	0.0	0.0
344108	111.0	64.0	0.0	0.0	0.0	0.0	24.0	56.0	44.0	68.0	189.0	152.0	144.0	75.0	19.0	20.0
194780	0.0	0.0	56.0	0.0	0.0	0.0	0.0	0.0	0.0	0.0	57.0	66.0	32.0	14.0	0.0	0.0
167509	692.0	316.0	52.0	29.0	283.0	81.0	92.0	153.0	109.0	198.0	105.0	224.0	242.0	84.0	51.0	76.0
2120779	0.0	0.0	0.0	0.0	0.0	0.0	0.0	0.0	194.0	0.0	87.0	0.0	142.0	185.0	0.0	0.0
273967	500.0	319.0	489.0	58.0	42.0	182.0	122.0	248.0	81.0	227.0	94.0	71.0	89.0	85.0	78.0	53.0
233991	176.0	312.0	0.0	0.0	0.0	0.0	26.0	52.0	0.0	44.0	0.0	0.0	0.0	0.0	0.0	8.0
4070490	0.0	0.0	399.0	0.0	0.0	0.0	0.0	0.0	0.0	0.0	0.0	0.0	0.0	0.0	0.0	0.0
167420	0.0	0.0	0.0	0.0	0.0	15.0	0.0	0.0	0.0	0.0	0.0	0.0	0.0	0.0	0.0	0.0
132165	0.0	0.0	19.0	0.0	29.0	0.0	0.0	0.0	0.0	0.0	0.0	0.0	0.0	0.0	0.0	0.0
608323	793.0	370.0	0.0	43.0	34.0	0.0	53.0	116.0	83.0	387.0	14.0	0.0	0.0	121.0	119.0	204.0
336559	0.0	0.0	0.0	0.0	0.0	0.0	0.0	0.0	0.0	31.0	0.0	0.0	0.0	0.0	0.0	0.0
4338624	4.0	0.0	0.0	0.0	0.0	0.0	0.0	0.0	0.0	0.0	0.0	0.0	0.0	0.0	0.0	10.0
250270	29.0	9.0	0.0	0.0	0.0	0.0	0.0	0.0	22.0	15.0	85.0	130.0	119.0	51.0	0.0	10.0
275684	0.0	0.0	315.0	171.0	240.0	232.0	0.0	0.0	0.0	0.0	61.0	0.0	325.0	0.0	0.0	0.0
310945	968.0	1004.0	197.0	96.0	552.0	244.0	286.0	771.0	159.0	371.0	316.0	338.0	283.0	226.0	137.0	117.0
276561	274.0	624.0	0.0	7.0	261.0	321.0	1294.0	1837.0	81.0	264.0	109.0	664.0	638.0	110.0	55.0	38.0
354501	22.0	94.0	0.0	0.0	0.0	0.0	0.0	19.0	0.0	12.0	0.0	0.0	0.0	9.0	0.0	12.0
961203	0.0	0.0	0.0	0.0	0.0	0.0	0.0	2.0	0.0	0.0	0.0	0.0	0.0	0.0	0.0	0.0
2645488	0.0	0.0	0.0	0.0	0.0	14.0	0.0	0.0	0.0	0.0	0.0	16.0	13.0	0.0	0.0	0.0
194665	0.0	0.0	0.0	0.0	0.0	0.0	0.0	0.0	0.0	0.0	42.0	0.0	0.0	0.0	0.0	0.0
271705	0.0	0.0	18.0	15.0	43.0	10.0	0.0	0.0	8.0	0.0	9.0	0.0	14.0	8.0	0.0	0.0
358007	0.0	0.0	0.0	0.0	0.0	0.0	0.0	0.0	0.0	0.0	0.0	143.0	0.0	0.0	0.0	0.0
214450	0.0	0.0	222.0	0.0	0.0	198.0	0.0	0.0	54.0	0.0	108.0	333.0	232.0	26.0	0.0	0.0
194903	0.0	0.0	0.0	0.0	0.0	0.0	0.0	0.0	0.0	0.0	0.0	21.0	18.0	0.0	0.0	0.0
188457	0.0	0.0	110.0	0.0	0.0	0.0	0.0	0.0	0.0	0.0	86.0	27.0	28.0	0.0	0.0	0.0
186645	36.0	223.0	0.0	83.0	150.0	21.0	53.0	102.0	15.0	49.0	0.0	0.0	0.0	0.0	0.0	0.0
277420	0.0	0.0	0.0	0.0	0.0	0.0	0.0	0.0	162.0	0.0	185.0	459.0	351.0	82.0	0.0	0.0
332364	13084.0	18590.0	46121.0	10827.0	17128.0	35361.0	42516.0	50872.0	7548.0	16182.0	24428.0	23649.0	17269.0	8679.0	5827.0	7997.0
322839	0.0	0.0	0.0	24.0	32.0	22.0	0.0	0.0	80.0	0.0	89.0	0.0	11.0	66.0	0.0	0.0
2645483	0.0	0.0	862.0	0.0	47.0	37.0	0.0	0.0	0.0	0.0	363.0	1290.0	642.0	66.0	0.0	0.0
269019	90.0	131.0	0.0	0.0	0.0	73.0	0.0	0.0	0.0	0.0	0.0	0.0	0.0	0.0	0.0	0.0
264461	0.0	0.0	0.0	0.0	0.0	0.0	0.0	0.0	0.0	0.0	104.0	81.0	271.0	36.0	0.0	0.0
351881	0.0	24.0	0.0	0.0	0.0	0.0	0.0	0.0	0.0	15.0	0.0	22.0	0.0	0.0	0.0	0.0
301960	0.0	0.0	0.0	0.0	0.0	0.0	0.0	0.0	0.0	0.0	0.0	0.0	33.0	0.0	0.0	0.0
833458	0.0	0.0	0.0	40.0	0.0	0.0	0.0	0.0	0.0	0.0	0.0	173.0	0.0	0.0	0.0	0.0
313524	0.0	0.0	187.0	0.0	19.0	34.0	0.0	0.0	23.0	0.0	93.0	78.0	87.0	19.0	0.0	0.0
1510067	0.0	0.0	0.0	19.0	95.0	81.0	0.0	0.0	0.0	0.0	0.0	0.0	0.0	0.0	0.0	0.0
217109	0.0	0.0	0.0	0.0	0.0	0.0	0.0	0.0	0.0	17.0	0.0	0.0	0.0	0.0	0.0	27.0
129394	487.0	243.0	0.0	105.0	130.0	0.0	466.0	505.0	534.0	1108.0	0.0	0.0	0.0	134.0	133.0	169.0
176039	0.0	0.0	121.0	60.0	67.0	193.0	0.0	0.0	54.0	0.0	211.0	414.0	405.0	108.0	0.0	0.0
199307	0.0	12.0	0.0	0.0	0.0	0.0	0.0	0.0	0.0	0.0	0.0	0.0	0.0	0.0	0.0	0.0
4437748	0.0	0.0	0.0	62.0	0.0	83.0	0.0	0.0	0.0	0.0	0.0	57.0	0.0	0.0	0.0	0.0
304890	3475.0	5037.0	0.0	0.0	29.0	0.0	109.0	655.0	333.0	1361.0	0.0	0.0	0.0	269.0	384.0	225.0
270866	0.0	0.0	159.0	0.0	0.0	0.0	0.0	0.0	49.0	0.0	205.0	208.0	202.0	68.0	0.0	0.0
4407190	0.0	0.0	0.0	27.0	61.0	40.0	0.0	0.0	0.0	0.0	0.0	0.0	15.0	0.0	0.0	0.0
262095	0.0	0.0	19.0	0.0	0.0	43.0	0.0	0.0	16.0	0.0	67.0	55.0	54.0	11.0	0.0	0.0
204126	0.0	0.0	0.0	0.0	0.0	0.0	0.0	0.0	0.0	0.0	0.0	0.0	12.0	0.0	0.0	0.0
349459	680.0	617.0	0.0	0.0	56.0	0.0	247.0	476.0	188.0	544.0	0.0	0.0	0.0	140.0	152.0	162.0
1108747	0.0	0.0	29.0	0.0	0.0	0.0	0.0	0.0	0.0	0.0	0.0	0.0	0.0	0.0	0.0	0.0
268410	129.0	49.0	164.0	64.0	86.0	54.0	160.0	77.0	56.0	119.0	110.0	35.0	52.0	52.0	35.0	69.0
273091	0.0	0.0	0.0	0.0	0.0	0.0	0.0	0.0	0.0	0.0	0.0	21.0	38.0	0.0	0.0	0.0
271692	0.0	0.0	0.0	33.0	0.0	172.0	0.0	0.0	0.0	0.0	94.0	112.0	111.0	79.0	0.0	0.0
49406	0.0	0.0	0.0	0.0	0.0	0.0	48.0	0.0	0.0	0.0	0.0	0.0	0.0	0.0	0.0	0.0
267914	29.0	79.0	43.0	0.0	0.0	118.0	31.0	42.0	0.0	36.0	0.0	0.0	0.0	5.0	0.0	0.0
272757	357.0	129.0	21.0	64.0	31.0	0.0	64.0	61.0	43.0	126.0	0.0	26.0	22.0	48.0	59.0	60.0
355097	0.0	0.0	0.0	0.0	0.0	0.0	0.0	0.0	0.0	0.0	47.0	150.0	228.0	0.0	0.0	0.0
421538	19.0	0.0	0.0	0.0	0.0	0.0	0.0	0.0	0.0	0.0	0.0	0.0	0.0	0.0	0.0	0.0
177087	0.0	0.0	0.0	0.0	0.0	0.0	0.0	0.0	0.0	0.0	0.0	0.0	84.0	0.0	0.0	0.0
340600	0.0	0.0	44.0	0.0	25.0	0.0	0.0	0.0	27.0	0.0	82.0	85.0	58.0	18.0	0.0	0.0
266726	0.0	0.0	15.0	29.0	56.0	21.0	0.0	0.0	0.0	0.0	0.0	0.0	0.0	0.0	0.0	0.0
134065	6085.0	4348.0	0.0	49.0	412.0	140.0	1495.0	2330.0	1617.0	1656.0	889.0	63.0	951.0	1420.0	939.0	222.0
4455677	0.0	0.0	0.0	0.0	0.0	0.0	0.0	0.0	0.0	0.0	36.0	0.0	0.0	0.0	0.0	0.0
364926	37.0	0.0	0.0	0.0	0.0	0.0	0.0	0.0	0.0	0.0	0.0	0.0	0.0	0.0	0.0	38.0
193139	0.0	0.0	17.0	0.0	0.0	0.0	0.0	0.0	0.0	0.0	0.0	0.0	0.0	0.0	0.0	0.0
628218	1070.0	79.0	0.0	0.0	267.0	0.0	261.0	0.0	58.0	190.0	0.0	0.0	0.0	107.0	122.0	183.0
730939	0.0	0.0	151.0	0.0	43.0	81.0	0.0	0.0	0.0	0.0	0.0	104.0	0.0	0.0	0.0	0.0
331878	0.0	0.0	19.0	0.0	0.0	0.0	0.0	0.0	0.0	0.0	62.0	36.0	86.0	39.0	0.0	0.0
258957	26.0	0.0	18.0	0.0	46.0	107.0	550.0	637.0	103.0	295.0	198.0	0.0	94.0	221.0	228.0	592.0
271866	764.0	541.0	97.0	31.0	106.0	54.0	94.0	215.0	77.0	139.0	62.0	37.0	0.0	76.0	89.0	84.0
2653243	7.0	0.0	0.0	0.0	0.0	0.0	0.0	0.0	0.0	0.0	0.0	0.0	0.0	0.0	4.0	3.0
259916	0.0	0.0	21.0	40.0	83.0	101.0	0.0	0.0	32.0	0.0	99.0	41.0	140.0	49.0	0.0	0.0
774086	0.0	21.0	1131.0	123.0	108.0	338.0	835.0	1069.0	1379.0	756.0	1787.0	3266.0	2340.0	1615.0	383.0	742.0
401717	0.0	0.0	0.0	0.0	3.0	0.0	0.0	0.0	0.0	0.0	0.0	0.0	0.0	0.0	0.0	0.0
356011	0.0	0.0	0.0	0.0	0.0	0.0	0.0	0.0	30.0	96.0	0.0	0.0	0.0	230.0	328.0	115.0
305177	39.0	0.0	0.0	0.0	51.0	0.0	51.0	0.0	0.0	21.0	0.0	0.0	0.0	0.0	0.0	0.0
186886	0.0	0.0	0.0	0.0	0.0	0.0	0.0	0.0	17.0	0.0	74.0	0.0	25.0	22.0	0.0	0.0
827522	0.0	0.0	0.0	0.0	0.0	0.0	0.0	0.0	0.0	0.0	89.0	26.0	0.0	0.0	0.0	0.0
716984	0.0	0.0	0.0	9.0	50.0	0.0	0.0	0.0	0.0	0.0	82.0	0.0	14.0	0.0	0.0	0.0
273431	0.0	0.0	82.0	74.0	297.0	86.0	0.0	0.0	32.0	0.0	56.0	0.0	0.0	23.0	0.0	0.0
771177	0.0	0.0	24.0	0.0	0.0	26.0	0.0	0.0	12.0	0.0	14.0	50.0	11.0	0.0	0.0	0.0
3392840	0.0	0.0	0.0	0.0	0.0	16.0	0.0	0.0	0.0	0.0	64.0	40.0	22.0	0.0	0.0	0.0
325126	0.0	0.0	0.0	0.0	0.0	0.0	0.0	0.0	0.0	0.0	14.0	0.0	12.0	0.0	0.0	0.0
198888	340.0	329.0	0.0	0.0	109.0	50.0	103.0	204.0	31.0	123.0	0.0	100.0	82.0	92.0	77.0	57.0
189288	599.0	220.0	0.0	0.0	22.0	0.0	72.0	170.0	69.0	179.0	32.0	0.0	0.0	68.0	60.0	42.0
132929	0.0	0.0	91.0	0.0	0.0	0.0	0.0	0.0	0.0	0.0	0.0	0.0	0.0	0.0	0.0	0.0
274021	0.0	0.0	0.0	0.0	0.0	68.0	0.0	0.0	0.0	0.0	0.0	67.0	52.0	0.0	0.0	0.0
342105	231.0	59.0	0.0	0.0	23.0	0.0	37.0	31.0	61.0	102.0	243.0	129.0	72.0	99.0	0.0	0.0
320048	88.0	283.0	103.0	0.0	0.0	0.0	48.0	95.0	44.0	281.0	0.0	0.0	94.0	40.0	29.0	83.0
265522	0.0	0.0	0.0	192.0	212.0	79.0	0.0	0.0	0.0	0.0	0.0	0.0	0.0	0.0	0.0	0.0
262104	24.0	109.0	0.0	0.0	0.0	0.0	15.0	26.0	26.0	39.0	0.0	0.0	0.0	0.0	14.0	21.0
334751	25.0	0.0	0.0	0.0	0.0	32.0	0.0	0.0	32.0	50.0	47.0	44.0	26.0	0.0	0.0	0.0
346570	0.0	0.0	0.0	0.0	0.0	0.0	0.0	0.0	0.0	0.0	57.0	0.0	0.0	0.0	0.0	0.0
148722	0.0	0.0	0.0	0.0	52.0	85.0	0.0	0.0	0.0	0.0	0.0	0.0	85.0	0.0	0.0	0.0
267042	784.0	196.0	0.0	0.0	17.0	0.0	62.0	117.0	19.0	90.0	0.0	0.0	0.0	20.0	26.0	43.0
1136443	18515.0	195.0	225.0	139.0	270.0	41.0	570.0	894.0	600.0	1325.0	1365.0	880.0	896.0	926.0	718.0	532.0
272444	0.0	0.0	114.0	0.0	0.0	38.0	0.0	0.0	0.0	0.0	0.0	90.0	56.0	0.0	0.0	0.0
339031	0.0	0.0	46.0	7.0	0.0	21.0	0.0	0.0	0.0	0.0	0.0	0.0	0.0	0.0	0.0	0.0
176582	0.0	0.0	108.0	0.0	0.0	0.0	0.0	0.0	0.0	0.0	0.0	0.0	0.0	0.0	0.0	0.0
297529	0.0	0.0	0.0	0.0	0.0	0.0	24.0	0.0	0.0	0.0	0.0	0.0	0.0	0.0	0.0	0.0
268425	0.0	40.0	0.0	0.0	0.0	0.0	0.0	0.0	0.0	0.0	0.0	0.0	0.0	0.0	0.0	0.0
228785	0.0	0.0	0.0	0.0	0.0	0.0	0.0	0.0	0.0	0.0	27.0	0.0	31.0	0.0	0.0	0.0
267406	0.0	0.0	12.0	0.0	18.0	12.0	0.0	0.0	0.0	0.0	0.0	0.0	0.0	0.0	0.0	0.0
422727	0.0	0.0	0.0	0.0	0.0	88.0	0.0	0.0	0.0	0.0	26.0	92.0	79.0	0.0	0.0	0.0
837859	0.0	0.0	0.0	19.0	22.0	18.0	0.0	0.0	0.0	0.0	6.0	18.0	0.0	0.0	0.0	0.0
323583	0.0	0.0	40.0	20.0	0.0	53.0	0.0	0.0	29.0	0.0	91.0	109.0	121.0	0.0	0.0	0.0
259120	253.0	0.0	0.0	0.0	0.0	0.0	0.0	0.0	0.0	0.0	0.0	0.0	0.0	0.0	0.0	0.0
311724	0.0	0.0	48.0	38.0	88.0	0.0	0.0	0.0	0.0	0.0	132.0	206.0	132.0	0.0	0.0	0.0
311695	0.0	0.0	105.0	63.0	44.0	106.0	0.0	0.0	0.0	0.0	229.0	138.0	223.0	23.0	0.0	0.0
318766	0.0	0.0	0.0	0.0	36.0	53.0	0.0	0.0	0.0	0.0	51.0	38.0	32.0	36.0	0.0	0.0
271500	294.0	315.0	0.0	0.0	29.0	0.0	43.0	136.0	30.0	89.0	0.0	0.0	0.0	48.0	57.0	28.0
184795	70.0	225.0	0.0	0.0	55.0	0.0	212.0	218.0	58.0	232.0	0.0	0.0	0.0	97.0	139.0	191.0
172163	0.0	0.0	5.0	18.0	0.0	0.0	0.0	0.0	0.0	0.0	4.0	18.0	0.0	0.0	0.0	0.0
260553	0.0	0.0	21.0	13.0	0.0	34.0	0.0	0.0	0.0	0.0	0.0	0.0	0.0	20.0	0.0	0.0
345994	0.0	0.0	0.0	126.0	0.0	0.0	0.0	0.0	55.0	48.0	107.0	145.0	234.0	105.0	35.0	0.0
352559	0.0	0.0	0.0	0.0	16.0	0.0	0.0	0.0	0.0	0.0	0.0	0.0	0.0	0.0	0.0	0.0
337494	926.0	422.0	5820.0	2120.0	562.0	379.0	135.0	164.0	3254.0	0.0	9323.0	0.0	516.0	2929.0	0.0	0.0
273737	7.0	23.0	0.0	0.0	0.0	10.0	9.0	18.0	0.0	0.0	0.0	0.0	0.0	0.0	0.0	0.0
1121111	0.0	0.0	387.0	32.0	0.0	0.0	0.0	0.0	0.0	0.0	94.0	114.0	133.0	0.0	0.0	0.0
4460604	94.0	2695.0	339.0	0.0	0.0	20.0	0.0	565.0	46.0	91.0	0.0	0.0	0.0	0.0	0.0	0.0
168145	0.0	0.0	0.0	0.0	13.0	20.0	0.0	0.0	0.0	0.0	0.0	0.0	0.0	17.0	0.0	0.0
516022	0.0	0.0	0.0	0.0	0.0	0.0	0.0	0.0	0.0	3.0	0.0	0.0	0.0	0.0	0.0	0.0
327900	0.0	0.0	0.0	0.0	0.0	74.0	0.0	0.0	0.0	0.0	17.0	105.0	110.0	0.0	0.0	0.0
194787	900.0	277.0	137.0	450.0	691.0	607.0	25.0	59.0	95.0	360.0	0.0	0.0	0.0	94.0	103.0	56.0
262639	16.0	23.0	0.0	0.0	9.0	0.0	0.0	0.0	0.0	0.0	0.0	0.0	0.0	0.0	0.0	0.0
188785	0.0	0.0	334.0	27.0	0.0	101.0	0.0	0.0	226.0	429.0	0.0	0.0	0.0	14.0	0.0	386.0
197790	22792.0	5436.0	0.0	0.0	994.0	323.0	3042.0	3424.0	2712.0	6191.0	0.0	0.0	0.0	1116.0	1480.0	1970.0
263908	0.0	0.0	309.0	118.0	315.0	260.0	0.0	0.0	44.0	0.0	132.0	230.0	532.0	149.0	0.0	0.0
331117	0.0	0.0	115.0	0.0	0.0	95.0	0.0	0.0	118.0	241.0	210.0	227.0	245.0	116.0	0.0	0.0
172705	0.0	0.0	599.0	136.0	119.0	128.0	0.0	0.0	101.0	0.0	138.0	15.0	86.0	59.0	0.0	0.0
196947	0.0	0.0	0.0	0.0	8.0	0.0	0.0	0.0	0.0	18.0	0.0	0.0	0.0	0.0	0.0	0.0
133719	0.0	0.0	0.0	0.0	0.0	0.0	0.0	0.0	0.0	0.0	28.0	0.0	0.0	0.0	0.0	0.0
837396	0.0	0.0	31.0	0.0	0.0	0.0	0.0	0.0	0.0	0.0	0.0	0.0	0.0	0.0	0.0	0.0
746256	0.0	0.0	0.0	0.0	0.0	19.0	0.0	0.0	0.0	0.0	0.0	0.0	0.0	0.0	0.0	0.0
4407703	0.0	0.0	0.0	0.0	0.0	0.0	18.0	0.0	0.0	0.0	0.0	0.0	0.0	0.0	0.0	0.0
1106654	0.0	0.0	117.0	7.0	0.0	12.0	0.0	0.0	0.0	0.0	8.0	24.0	184.0	0.0	0.0	0.0
264193	87.0	3275.0	0.0	51.0	0.0	177.0	173.0	411.0	344.0	865.0	0.0	228.0	524.0	210.0	224.0	290.0
190380	1716.0	621.0	357.0	247.0	545.0	319.0	444.0	901.0	618.0	684.0	1101.0	2704.0	1096.0	680.0	355.0	265.0
849440	0.0	4.0	7.0	0.0	0.0	0.0	0.0	0.0	0.0	0.0	0.0	0.0	0.0	0.0	0.0	0.0
181237	46.0	87.0	0.0	0.0	0.0	0.0	49.0	58.0	0.0	0.0	0.0	0.0	0.0	0.0	0.0	0.0
177484	9.0	0.0	0.0	0.0	0.0	0.0	0.0	0.0	0.0	0.0	0.0	0.0	0.0	0.0	0.0	13.0
273078	0.0	0.0	0.0	0.0	0.0	0.0	0.0	0.0	0.0	0.0	0.0	57.0	0.0	0.0	0.0	0.0
191259	671.0	483.0	163.0	66.0	114.0	82.0	140.0	168.0	102.0	276.0	131.0	66.0	175.0	129.0	54.0	90.0
111771	0.0	0.0	147.0	0.0	0.0	23.0	0.0	0.0	0.0	0.0	44.0	51.0	523.0	0.0	0.0	0.0
4296496	0.0	0.0	6.0	16.0	0.0	12.0	0.0	0.0	0.0	0.0	0.0	0.0	0.0	0.0	0.0	0.0
264155	0.0	0.0	0.0	0.0	0.0	0.0	0.0	0.0	0.0	0.0	23.0	0.0	13.0	0.0	0.0	0.0
344906	0.0	0.0	20.0	14.0	13.0	20.0	0.0	0.0	9.0	0.0	12.0	0.0	16.0	9.0	0.0	0.0
267892	20.0	0.0	0.0	0.0	0.0	0.0	0.0	0.0	0.0	0.0	30.0	0.0	0.0	0.0	0.0	0.0
214116	0.0	0.0	0.0	0.0	0.0	0.0	0.0	0.0	0.0	0.0	67.0	0.0	0.0	0.0	0.0	0.0
16006	0.0	0.0	0.0	0.0	0.0	57.0	0.0	0.0	0.0	0.0	0.0	0.0	0.0	0.0	0.0	0.0
258202	32.0	77.0	145.0	10.0	55.0	104.0	117.0	128.0	52.0	82.0	121.0	192.0	144.0	87.0	48.0	91.0
258169	0.0	0.0	68.0	127.0	215.0	116.0	0.0	0.0	15.0	0.0	48.0	21.0	34.0	23.0	0.0	0.0
176868	50.0	82.0	0.0	0.0	0.0	16.0	19.0	26.0	22.0	26.0	85.0	130.0	121.0	55.0	7.0	15.0
840291	0.0	0.0	0.0	0.0	0.0	0.0	0.0	0.0	0.0	0.0	0.0	0.0	3.0	0.0	0.0	0.0
263705	0.0	0.0	36.0	39.0	33.0	15.0	0.0	0.0	13.0	0.0	21.0	17.0	14.0	17.0	0.0	0.0
308734	0.0	0.0	180.0	0.0	0.0	0.0	0.0	0.0	123.0	146.0	0.0	228.0	494.0	0.0	0.0	248.0